0 2384 109
7 2235 1436 5702
10 942 5121 3382 4586 2988 1014 5643
11 344 4517 4171 3858 5877 536 877
17 1977 1584 2863 2524 2676
24 3359 326 5967 5740
34 4848 1524 4755 1343 4411 5256
49 4963 1123 4153 2367 35 5834 411 1076 4900 5128 5663
54 4982 130 949 5753
59 4500
61 2655 5162
63 4779 3148 4613 4310 5770
64 610 4823 395 438
68 1813 3736 5502 5516 645 4103 910 2243 4026 4611 4049 5346 4202 2776 2888 5681
75 4742 3506 2283 3539 1751
78 1188 4113 5975 2830 1046 4929 1580 472 1821 5522 231 3203 872 249 3874 1885 1482
79 5319 4693 4916
88 4375 4308 3538 5837 2418 1478 2306 343 4758 3903 5616 4145
89 3349 2599 274 5838 2417 5 5772
90 812 4137
91 3247 4233 1386 3739 498 760 1065
95 3303 217
98 5139 981 1103
118 5935
122 2710 3489 2193 3750 1376 4173 2316
125 37 5227 3788
128 4018 6031 2795 5374 3167
130 4942 54
135 1053 2115 5787 5169 4374 444 4891 4469 2434 4348 5152 6051 744
155 1368 3523
156 3101
169 2589 3167 4326 1675 5776 5382 4666 3609 4018
170 2186 2616 3158 3212 3783 3879
180 2516 686
219 5975
227 3096 343 4758
231 638 1482 4646 1046 4113 1188 4929 472 1580 5522 3203
232 4585 1658 3609 5243 4018 1470 4326 5176 4722
236 479 1153 3702 1993
243 5942
248 1342 632 5858 4310
256 5648 2547 2282 4740 1614 2104
258 2537 3712 3605 1031 4388 333 2778 3642 2904
261 3613 5087 4471 2937
264 740 3845 2993 1052 4377
265 3889
272 5552 5864 5987 2786 3693 4184 4407 40 5209
278 4276 5184
281 4241
283 2399 1513 1040 4699 2713
284 3760 5906 3839 3459 5606 2333 1094
287 1575 3975 1005
293 1008 283 5578 1557
310 5688 4755
316 1347 445
320 2823 3276 4900
325 2888
334 4305 196 1999 5061 2594
348 5193 5316 238 4902 4988 514 1765 3027 1018 908 5699 1932 4424 3331 1638 3967 5115 656 4748
351 2469 2345
354 5279 4124 3310 3731 2884 1012 4369 634 2373 1456 2773 3086 5082
363 4812
365 1108 2758 5353 1825 912 2401 1913
367 2677 1700 5874 1058 2558
368 3758 3180
374 5620 4083 5244 55 226
380 6044 4185 2708 5749 5277 3045
384 10
390 3454 5982 3054 585 4465
404 3192 4513 3125 2466 4849 5501 175 3532 321
406 2895 2428 3742 1814
410 1158 4600 5609 5187 4263 3865 1816 4381 1489
415 37 873
417 47 2339
419 2358 5337 3791
432 6014
434 5203 2733 3540 5142 728 1494
458 2230 6081 2044 2199 2598 2995 534
471 744 5489 2125
476 3081 2163 406 2895
479 868 6001
484 4388
487 1153 6001 5282 5760 5137 479 1993 868 1737 3702 1408 2967
489 5151 452
498 3590 5380
499 1182 5645 662 2610 4753 5191 2194 1804 6088
504 2616 4736
506 232 2023 3167 6031 2990
522 2963 4063 3155
549 1711
550 5498 4007 3572 3933 3169 360 3787 2802 4228 5067 1979 3482 1096 4324
563 4957
564 5580 6019 2690 1468 1412 16
574 3619 2803
575 5052
576 4179 860 1366 4805 3823 3455
592 5678 1109
594 3578 400 1144 3585 5838 1459 5460
595 5881 2309
600 2644 2629 878 1884 5756 2409
609 281 3734 1871 979
637 2437 5912 3999 1809 4158 177
644 4636 2543 1056
645 1257 1655 2578
650 1865 4509
657 4202
662 499
666 183 5296
668 3423 3635 373 3724 2836 1257 176 645 5907 5516 5493
674 3029 2688 1337 1331 3903 2165 3538 2244
675 2145 5861 3880 2053 5596 3955 1741 4372
676 3849 929 5297 731 5701 2767 4036 3533
681 5928 1841 3366 3545 4477 2840 4163 4239 4291 3910 1878 2257
682 5014 3555 2137 1473
686 4642 4824 1138 1598 1549 3463
689 4270 412 5598 890 2795 1315 2645 3749 1094 4315 4782 1437 3454 1831 1044 2292 6067 772
690 756
693 1521 947 258 2778 4562 830 4052 5746 2489 294 2902 2904 3752
695 4664
696 60 2395 1429 4702 2536 5634
705 4876 1735
727 6062 4611 3371 4210 278 423 3586
728 1905 2975 3703 3540 516
730 4838
733 5335 1373 3934 4747 1923 5941 49 2962 4352 1664 5869 3774 3185 2191
740 2993 1052 2454
743 5923 3814 1381
760 4144 557 2914 91 5565 1628 2835 1043 4233
770 5297 2398
772 2555 4887 4782
773 78 497 4777 1422 2037 3834 1612 2466 1069
775 3767 505 4384 3751 1686 1948 1735 4262 3251 5367 1047
782 4860
793 3690 2127 2663
795 3949 4904 5256 827 5884 5145 5512 3386 925 3188 666 2542 4530 3235 5828 1346 2223 3181 3574 5981 5783 5068
796 5617
797 1550 2597 26 5159 3328 1575 5777 4229 2079
823 2841 3138 3439 475 3271 2094 4969 2701
827 3264 6050 3750 3609 5243 2023 3489
830 947 877 2902 1313 524 4052 2489 258 2904 4454 4562 3605 3752 442
832 1581 1400 4727 4555 2629
844 4118 5028 682 5291 1864 5178 1819
845 5227 1733 5743 4935 986
851 5200 5829 3928 5811 5412 3575 2954 1444 1552 124 1111 5478 328 5261 4579 321 1775 856 3265 2731 4849 2667 2080 5072 4230 2022 341 1006
855 775
860 1374 1133 90 5456 4137 2619 812 3097 2421 414 4685 3483
865 991 3896 3105 4567 3542
869 1063
874 4870 2067
877 4336 1471
878 1884
881 1539 2623 5304 4365 1712 3732 4665 4598 4716 5102 5194 2905 4909
882 2807 2710 3558
886 5473 4809 772 2627
893 399 1668 321 4849 2080 5045 1111 5478
895 4401 4723
902 970 2837 1426 2162 4241 4971 635 5183 1825 1115 327 4177 5165
909 1499 4460 717 1489 4330 518 5575 5814 4624 4213 5557
910 1856 2850 2776 1813 5780 5516 3195 2243
911 4415 4911
918 5312 4786 3260 5348
921 5871 3174 4038 2181 2425
924 6023 5227 415 5957 3414 1219 845 4935 6032 4325 5951 986 1711 873 3788 156 1564 125 4560 5113 5671 688 74 1733 37 52 1538
925 1254 5123
930 1313 3457 5509 1010 4723 3370 1427
934 5212 2113 319 3058 1965 4817
937 4920 920 2469
943 954 1723
949 4982 130 4212 2777 4710 5753 54 771 4942 2987 3063 3322
950 3094
951 4863 350 6043 3835 109 678 2203 4983 4198
954 2991 808 1433 1723 1962 906 943 3430 857
955 5923 3392 1381 5668 4905 1091 4355
958 1672 0 1310 1647 3799 812 4539 5456 4685 2619 3647 3097 1374 2620 5021 414 1133 4359 2421
959 1439 2298 2123 4344
960 2354 950 5718 5351 2810 5988
969 530 5811
974 3368 6021 1200 4098
976 5383 4461 3705 3423 2830 1159 5750 4632 332 729 3074
982 2870 2589 5970 1991 163 1376 4623 4661 311 3260 4786 792 4376 456
990 5045 2656 2192
991 1637 4887 2332 865 3129 3321 4780 4999 5739 4440 4500 2089 355
993 4946 2223 3236
994 2197
997 5867 1511 3363 3793 2875 5709 705 2176
1004 5649 2493 4247 5917
1005 3975 1879
1010 2694 1860 1674 5698 1485 4401
1017 4687 1274
1021 1588 5398 1202 1306
1024 1860 895 3370 5698 4723 3696 6061 3438 5217 3873 325 169 3431 4191 1674
1025 5919 1808 3287 707 3111
1029 2143 1234 5716 4800 679 2951 4517 5115 4748
1042 2684 4510 3117
1044 6009 5764 3290 5067 1979 3142 5452 742 4228
1047 1537 775 1931 1542 5619 118 5131 4024 419 3285 5935 2355 3383 5337
1050 4854 5185 5028 2474 182 2563 1850 1060 899 2065 2704 3227 4660
1051 5901 1406 877 439 3885
1053 5803 2603 5608 5045
1063 3204 869 2924 868 582 1737 2353 2967 6001 1993 5137 487 5282 479
1065 3711 3739 1043 5380 4144 2002 4484 91 5565 4206 3501
1066 5915 2118 1519 4290 2178 3221 1484
1071 1319 3289 1607
1080 5869 1077 5481 1664 3145 4747 5601 4909 2586 1112 4672 4757 1373 5855 1653 3512 2962 139 95 733 2191 4352 4535 3427 3659
1083 3920 3325 5709 307 3363 5867 1511
1088 886 4589
1090 6080 5816 4612 4574
1093 2928 4705 4100 5032
1106 1293
1107 5559 5682 1713 5486 1299 4077 5185 3653 138 5878 3054
1109 1595 994
1112 3861 4747 2539
1116 351 3088 2469 4258 4024 5200
1127 5236 5874 151 4265 2133 3888
1130 1990 5230 5258 127
1132 1685 4058 488 1183 346 3194 1073 3358 3899 45 148 3652 3127 930 5107 1278 1070
1137 4016 4973 5815 5047 3147 2652 1304 5092 5943
1139 2674 5209 5805 4989 4607
1142 1364 2404 1638 5433
1152 4828
1153 2087 479
1158 3014
1168 4549 3326
1172 5282 1737 1993 479 487 2967 868 2087 5137 1153
1179 3327 2861 1283 4959
1182 1804 662
1187 5918 5366 1332 5989 2749 3730
1190 924 3118 2261 4013 5775
1195 6068 5002 4135 2660 5253
1208 1488 5856 2349
1215 1494 3829 3176 728 0 2442 5142 516
1220 2291 2833 3282 5136 1955 3560 5826 3781
1233 4788 603
1236 3796 2015 5502 2029 4455
1238 5023 2970 5860 1739 5272 2568
1241 5175 1432 2886 3009 4676
1259 1757
1262 3152 3418 182 1850 1708
1269 5431 3445 963
1271 795 1411 2399 1658 4092 1649 5676 1346 5783 2198 827 4530 2557 2041
1273 886 772 4809
1278 2647 368 2084 2511
1280 3549 818 3590 2472 2226 4233 4939 1035 4289 3739
1282 1643
1289 2709 4276 278 4877 4323 1377 5942 44
1290 1300 4596 2145
1293 4175 4028
1296 6041 3529 4361 1705 3816
1307 3443 5547 2574 257 1038 5589
1315 3125 5715 4686 2702
1317 3988 4111 2299
1319 6059
1320 2589 2499 2540 5076
1324 1298 2856
1331 3013 2848
1337 3029 3831 2688
1338 2198 4647 5015 5500
1342 632 5858 3662
1346 1338 1271 3367 4093 3188 5500 265 4398
1350 4514
1356 3411 2116 14 5284 2600 5887
1363 484 4134 1053 135 2394 1843 1438 5536 1236 5947
1364 5447
1365 3650 5402 1447 3141
1367 2904
1369 278 4276
1372 5849 685
1373 4352 6012 4747 4274 2617
1384 976 5919
1386 1628
1388 5355 2300 4545 5357
1390 3156 2850 3195 4148 3629 976 4320 5516 910 3423
1396 3062 3238 3680 3504
1397 4577 1076 5845 1534 4010 2753 4059 4895 5646 3955
1400 832
1403 597
1411 5783
1416 1263
1418 289 5828
1422 4777
1425 4783 4734 4741 4515
1436 3870 2235 7 5702 4243 2317 5200 5482
1437 5633 5701
1438 484 4383 5751 1053 5938 4134 1538 135
1440 2845 5731 1505 1719
1444 2667
1448 4645 4309 1122 4070 3710 4176 5807 4612 2688 5681 3831 1989
1450 4578 5715 3749 175 2056 1044 3532 1315 3454 1831 4315 2645 5295 4980
1454 1167
1459 4212 4942 4982 130
1460 3740
1467 3499 110 1801 2253 2365 5760 3806 3202
1470 3438 3652 3457 1844 5657 3873
1494 0
1495 3119
1496 1082
1498 3082 3388 5530 5761 4745 5036 618 2805
1501 1625 4365 2623 1539 881 1712
1511 2875 1602 997 3808 3363 5937 2607 3793 5667 2429 5867 4700 4033 5604 1867 1473 1425 2176 705
1513 4996 3957 5090
1524 1727 1949 4210 459 5725 4443 1411 317 2315 6033 1866 1648 4130 3688 1950 671 6013 4096 3727 3401
1529 2998 3634 2204 519
1530 96 2274
1531 2291 5136 2833 3282 1955 3560 1220 5826 3781 1606 4231 5980
1534 2753 5845
1537 4697 2752 5367 775
1538 3606
1565 140 2949 1282 2910 1412 3968 3750 2316 4142 5195 426 3443
1574 5612 1666 1920 4355
1575 5159 2079 2597 3328
1577 3739 1369 1860
1587 4675 1615 4384 4718 184
1589 4928 5469 1210 2539 1654
1591 1678 3044 3014
1593 4732 5139
1596 169 3843 4148 3609 4020 4018 5741
1600 4816 5333 423 180 959 5188 3823 5219
1601 2995 3348 1500 1192 4897 5018 665 2589 70
1607 4051 296
1612 1377
1627 2200
1628 1577 4687 708
1630 4379 4954
1633 2992
1636 2332 4500
1637 446
1640 3199 549 3238 4808 4276 2709 3162 1289
1643 2399 1557 5446 1254 3802 1513
1658 1011 3177
1660 3415
1665 3843 2340 3695 4042 4832 1483
1671 2763 644 5143 3283 2372 1106 4422 2213 3449 3093 5450 3744 1847 3161 1445 1187 3389 2906 3374 1081 2595 3462 3883
1672 3703 3540 3799 1647 1928
1674 4866 833 1999 2409 5657 600 2644 878 1884 3693 3015 1024 5756 422
1687 2463 5743 4931 5979 1868 2441 6003 2194 4214 4296
1695 4676 5175 1207
1717 4583 1834 1684 1940 5776 5090 2552 5243 4832
1723 5980 5823
1728 1555 4994 4746
1729 2227 3739
1730 4986
1736 5627 207 2546 340 205 158 2689 1361 5979 1626
1737 597 1153 3702 868 1408
1744 75 1579 3041 4457 2509 2932 1902
1750 2029 2180 5851 3897 2387
1751 2283 193 4457 2932 4742 1476
1754 5784 3510 3756 3736 5729 2154 3791 4510 3117
1772 1846 2332 4200 4238 2299 5450 294 2489
1778 4189
1781 3401
1787 4481 1836 2535
1791 376 747 1087 3445 2566 282 5255
1793 2728 5161
1803 4999 3686 1568 5235
1813 4408 5502 3734 5926 2829 1039 1871 3265
1814 1972
1828 311
1831 5511
1834 3609 4585 1675 1717 2023
1836 1568
1837 824 1646 5121 4446 716 5639 3433
1842 2677 5361
1847 3767
1856 3500 5498 141 2172
1860 5480 5539 4401 4191 3438 5217 5657
1864 652
1876 1351 1917 1110 3343 2596 5848
1878 3366 462 461
1879 3975 3311 1575 2847
1880 281 4989 4192 2188
1888 5105 3703 1425 5172 5830 5073 5738 6069
1894 4508
1900 2208
1905 5133 4718
1911 4032 2408 2114 1330 2241 2791 4739
1914 5221 77 3905
1927 3644
1928 1999 2384 4587 5490
1931 5619
1932 2688 2244
1934 677 5407
1946 5782 865
1949 4384 3767 3222 2720 5122 4806 5663 4038 1047 1232 1755 1567 2537 775
1957 2105
1966 734 2190 4398 5256
1973 2132 3334 877
1981 2173 5996
1988 6089 2591 4189 3406 2755 4766 744 919 803 2965 1778
1992 2172 141 3500 3458 4327 2920 3796 2902 3524 5472 4898 5447 3210 6063 3573 4107 3800 2029 3735 892 2015 4909
1993 2087 3702 479 2967 2827
1996 506 5725 4441 2233
2000 263 6023 4027 1238 2970 974 3005 5537 845 2140 2168 3742 3313 3745 1733
2002 760 91 1386 5380 5510 1628 498 5820 1577 1065 3739 557
2009 4531 5427 3810 475 1437 772 890 1038 3101
2011 97 1407
2016 3127 2236 3326 3959 5228 2232 5714 3664 6073 5011
2017 4985 783 5479
2026 5172 5830 2857 5814 4081 4149
2029 4356 3796 2015 3500 5472 1992
2031 2049 806 2424 4659 4890 694 4631 1493 4247 2893 5184 210 2493 5917 4182
2033 610 5720 3584
2035 4708 5174 4337 3180 4733 2131 5665 3758 4687
2037 2504 78 4825 3145 2257 1835 3366 578 4793
2040 2014 3150 4605 4604 478 2769 3065 2725 4738 1639
2049 4890 4168
2051 2504
2059 5611 1298
2060 3442 2215 3481 4047 768 2390 5806
2061 1687 5153 4036 2767 5701 2751 5418 3132 1783 5532 3533 944 3995 3317 1714 408
2070 4174 3921 4244 149 5538 5106
2072 4690 5898 2733 465 1218 1394 120 194
2074 1290
2078 2285 1415 411 5329 1839 3711 713 2367
2079 5159 797 2597 3328 1575 4229 4167
2083 1835
2087 4106 5568 3912 1797 2794 1408 5986 4209 2967
2089 5739 4780 1568 1836 1912 4440
2090 2943 5816 1285 6004
2101 3260 341 5072 4786 456 311 856 918 4376 5312
2102 4637 3991 3091 4028 1027 3106 107
2104 5024 2783 4045 3857 5711 3456
2105 5425 1632 5187 1073 153 4263 488 3194 346 1685 3358 45 1183 279 1070
2110 270 2874 3571 3337 5589 5359 1179 4870 1283 4132 599 4065 5446 1038
2116 1356 5909 5938 1071 399 893
2117 2042 3666 4730 4930
2119 5578 5981 5495 4501 3181 2157 5145 5676 4699 925 4056 4530 827 6022 5828 2198 5884 3574 4581
2127 1988
2128 5450 644 3161 3283 2478 5883
2148 4617 4288 5845 5050 4577 4059
2152 965 4324
2154 5729 3791
2155 3943
2157 1726
2165 2688 2976 3831 949
2166 2894 5917
2170 2998 2204 519 6034 553
2176 3363 5604 997 1511 5867
2179 4435 4120 2528 1835 3401 1627
2182 4753 499 1182 662 1804 5645 2610
2184 5221 2314
2186 3523 1368 5284
2188 5103 4313 1636 1945
2194 5645 2619 4753
2198 4966 3289
2200 2201 5402 1356 2567 4744 4347 3962 1852 828 4406 3670 5605 1272 5301 5049 4175 3491
2208 5273 3747 6073 262 1722 5789 5556 1900 4908 4257 3891
2213 3283
2216 2654 4162
2220 4287
2223 283 585 2714 4699
2233 6028
2235 7 1436
2236 1484 2118 277 1066
2244 1932 5738 674 4022 2688 1337 3831 2155 1331 3538 2165 3523
2248 4097 628
2250 702 5501 1609 3841 1228 4993 1832 5934 512 1155 5860 1739 2568 5272 5195 2816 2371
2261 3866
2263 5069 4854
2268 410 637 3184 5151 181 4328 5990 10 489 452 3478
2269 4557
2273 2024
2280 6090 4513 3019 3395
2285 4996 5610 4934 2127 382 447 5678 2174 925 1690 5672 2167 5344
2291 1531 1220 5136 2833
2292 3749 3399 3454 1315 128 6023 1507 4315 2679 3650 5908 890
2297 3511 583 1515 775 2624
2300 3154 423 597 2042 2499 3348 17 3666 525 4948
2302 5281
2325 318 4509 4614 4735
2332 4975 470 3045 4185 6044 5749
2334 3674 1101 3503 2816
2340 2216 3740 5176 4832
2354 5718 5351 5988
2355 3791
2358 1511
2372 5682 4732 5507 1132 3694
2375 2165 1331 858 4166 3523 1368 2728 2976 3128 3710
2386 2012 5796 4823 3621 3325 886 1430 4714 2463 64 2033 5577 3657 2649 1420
2394 1837
2399 4581 4458 1271 3708
2400 1383 5354 1708 1054 702
2409 833 3015 600 2416 5817 3721 878 4718 4896 4799 199 5134 5893
2421 1133
2426 5854
2430 5854 1864 5811 2171 969 402 789 770 1633 2892 1782 4272 4112
2431 2061 4043 188
2437 5912 545
2443 4737 454 4004 4307 5489 690
2447 3916
2458 730 80
2459 2240 482 5487 1842
2461 2236 4121 1406 4502 4574 2537 5634 3754 4134 5890
2463 3390 2608 5979 886 1814
2469 2546
2475 3133 2157 2542 676 4581
2476 6059 964 902 3718 2831
2494 882 4205 1351 5020 4167 1845 3343 1417
2499 3348 89 4159 5
2500 1641 4897 1192 5018 3128 1500 455 4902 762 1965 70 5251 3348 665
2503 5098 5788 1271 3133
2510 3086 4224 2773 220
2511 2084 4498 5191 4596 3258 6036 5008
2514 4765 2697 3155 2963 522 5977 994 4048 3676 5897 3430
2525 5161 2293 3902 6056
2526 4191 5926 895
2528 3692 1658 1835 2318 3198 1669 599 3644 1565 2119 2067 4293 5001 2874
2542 332 4293 3571 527 5051
2543 3320 5478 3748 124 5261
2547 2282 2104 4740 5024 3456 4494 10
2552 1129 5822 5933 3069
2557 800 599 1179 3949 2064 4647 2009 5495 3108 2177 3642
2567 1477
2571 3336 5818
2582 5847 5686 1667 3618 2486 543 1517 5116
2588 2554 4452
2589 4003 760 72 955 3814 3737 94
2592 5556 2770 1722 5789
2594 5471
2595 2128 3093 2863 41
2597 5159 797
2598 5581 469 4068 5533 534 3447 4441 3879 4887 5399 6076 683 4919 4916 986 522
2610 2146 1182
2622 3675 299 3350 4716 4333 4909 3732 1712 3323 881 1539 6058 3573 2920 4365
2623 5304 881
2629 3465 4332 1400 1581 832 4727 657 5583 4103 4555
2631 2251 4038 3191 5180 1430 991 5703
2638 1745
2644 1834 3482 3787 3169 360 4228
2645 4792 4861 4127 4426
2649 5253 4252 161
2657 3352 3559
2662 991 281 5652 4192 1803 2332
2667 2058 4905 2968
2673 5647 2128 2863 6087
2675 5927 4410 5021 3997 3804 5010
2676 4634 823 4007 16
2677 1646
2678 1678 3714
2684 4510
2688 2165 3029 1337 3538
2689 205 2546 340 158 207 5627
2693 1066 4290 2178 2118 5915 2088 1484 223 1244 2346 4363
2699 1216 4840
2700 3779 5200
2704 3849
2706 4553 4670 647 6003 5818 4892 2571
2710 3489 2193
2713 5158 5931 2571 3249 3336 1857 4116 3445
2714 4135 5435 759 3380 3308 3650 3163 2552 6008
2716 270
2720 2401 613 1349 2714 269 4038
2722 4590 3943
2728 1793 3970 6056 5161 2525 3902 2293 3073 3284 4648 2010 1899 4432
2732 2164 1020
2739 5058 5266 1088 1139 650 6054 1886 4525 4404 314 532 1089 6052 2663 803 4061 1209 2625 152
2752 1814 2163 3672
2753 1397 1534
2763 1671 5143 1329 2806 2468
2764 3208 5875 5933 1418 3069 5188 634 1794 5256
2776 1049 5505 4455 20
2778 3488
2782 2434 3356 5536 1267
2795 2679
2805 5465
2807 5657 5517 1010 3936 1024 5698 4401 3873 3696
2808 2492 2638
2813 1578 3661
2820 4719 4535 4003 1343 4411 4505
2821 4048 2066 5266 5778 4517 2971 5407 100 3949 2119 2624 4131 2495
2823 5020
2825 3035 3815 3802 2600
2827 3312 2649 6061 1860 3370 4191 17 5759 4401 3696 1674 3873 930 5539
2832 4908 5534 1410 70 1500 4421
2835 247 4687 3559 5503 1729 622 3345 1461 3514 1255 4181
2836 3724 4960 5920 2473 373 1606 668 4841 1257 1384 3361 4797 2211 4888 5919 5493 3607 176
2850 910 2776 3195 4320 4103
2853 5095 5185
2856 5052 305 4251 575 3862 2045 637 1298 989
2861 1975
2862 6057
2865 627
2867 2939 824 1106 2043 4200 4795
2870 3339 5662 431 150 5593 4551 3458
2873 3238 4258 4808 4024 3909
2874 3644 3337 3571 203 966 1770 559 5126 2642 1143 1540 401 426 3502 1910 1617 2832 4283 1613
2883 1469 2277
2888 1496
2894 3476 2342 1279
2900 771
2903 3894 4157 312
2910 5359 5051 2064 335 966 599
2913 934
2920 4327
2921 6013
2935 1026 1617 2050
2951 1234
2960 5757 3682 3323
2962 1896 1162
2964 3053
2965 3991 1778 5823 2974 4060 6089 6015
2966 1909 3934 5819 43 4755
2967 3702 6001 1737 868
2971 5205 2943 3004 3369
2975 1905
2987 5753 130 771 4942 4710 54 4982 949
2988 5121 4301 716
2989 4904 5512 5296 6022
2990 2012 1834 1717 4583 6031 232 5176 5243 5741 1675 5868 4832 169 2023
2992 5423
2995 1601 1063
2998 519 2204 1529 6034 5096
3004 2267 2339 1544 4505 4195
3005 4027 4330 3929 4046 4628 909 3809 4460 518 5575 1489 1499
3014 2458 3779 4987 2578 6060 5901 810 5082 2881
3021 5556 1722 2770 5273 3747 262 6073 2208 2634 3728 1900 5789 664
3024 5951
3029 5085 5357 4594 3594
3035 4181 3559
3054 5982
3062 424 336 1334 2465 1398 2262
3068 4571 2021 5117
3071 5040 4216
3079 3921
3088 351 4258 2931
3093 3374 3283 3161
3095 4626 3564 3011 5615 4404 5576
3099 1986 6055 2851
3102 3838
3108 5094 4035 2559 1038 4796 3066 1126 2304 3949
3114 4882
3116 1647 3799 958
3119 1495 4067 5020 384 5929 5946 953 3645 3509 97 2565 746 1748
3126 1771 5659 2407 1191 1259 2586 2674 2232 3189 3959
3129 2233 2784 4780 2878 3174 2825 3772 641 921 865 2332 588 1890 1912 5728 4427 3297 5871 4379 1836 2175 2574 1157 1636 355 5752 2214 3035 1637 4999
3133 5657 5541 2542 5058 5816 5411 5539 4722 3873 325
3134 5632 765 2271 2747 4922
3138 476 452
3149 5528
3150 4605
3151 5718 5988 5351
3155 594 5823
3161 1187 2128
3166 2216 3998 1921 1315 5764
3174 840 506
3176 0 5142 1494
3185 4522 6066
3190 2610
3198 2361 2236 1412 4843 3369 994 2508 1254
3199 522 3155 2514 4063 787 594 4765
3205 4876 1845 4167 2639
3208 4093 4581
3215 1017 3685 2520 1683
3223 2971 5205
3227 3192
3229 2994 145
3231 5377 2735 1824 6074 3625 4474 573 5119 1947 2521 509 6005 2960 2141
3235 3574 5794 925 3133 4056 5145 1008 265 5578 4501 2083 132
3236 1081 3651 3890 2449 2450 3331
3238 3813 3171 1309 806
3244 3926 5152 6047 3660 3630 4931 5401 1994 815 5075 601 1402 4110 1366 339 5091 3010 3136
3247 760
3249 2986 4104 2571 1857 287 3336
3252 1403 2552 4568 5295 4549 1168 871 5005 2645 3749 3326 1776 5210 3127 2232 3959 2329 5440 4328 4343
3270 4932 3821 3660 3244 601 3455 4931 3010 5401
3272 2352 3054 2120 5942
3276 4154 642 179 5739 3690 4543 3996 6080 2865 5225 6088 3744
3277 3563 1000 5987
3280 5584 2480 3361 4984 2152 965 4651 4324 1571 3254 1410
3283 644 3093 5852 2213 3744 1187 3161 3883 3932 1329 2806 2468 2646 4645 1516 1175 3374 2911 3389 2128 2673 3535 5450 2579 2595
3285 4024 3262 1116 4610 596 2931 4258 4321
3290 3093 3161 5450 2128
3292 3070 3302 4340 4756 3443 417 2624 4518 316 2304 3318
3307 5445 5080
3311 870 5017
3312 2827 3806
3317 1461 3877
3319 1663 6066
3328 5777 2597 5159 797
3337 3640 1319 2640 5624 2076 1069 4629 4616 4189 1268 6092 5250 4385
3342 290
3346 5020 2075
3361 5657 668 2836 4913
3363 997 2176 5604 5867
3366 3910 2840 4163 4239 5582 1878 4291 1775 462 461 5261 328 4579 124
3370 3457 1860 5480 1674 895 1491 3696
3375 3188 2041 1338
3378 931 5072
3383 4769
3386 2223 2220 3208 1418 172 4340 2198 4093 5353 6028 4501
3392 5155 5668 743 1666 1920 5612 5923
3395 3430 3211 2088 223 2825 4796 601
3396 5976 3126 5858 2730
3401 565 2197 4312 2179 423 4904
3402 4398 5981 407 4051 1544
3406 2755 3372 4124 3416 2031 4890 2049
3410 4895 5020 3934 2881 3119 733 4449 5335 4522 1373 2962 4352 3774 3688
3414 125 5227 4325
3422 2799 1776 871 2921
3423 1390 4349 976 2153 3629
3429 5889 5499 5599 5132 4889 4150 2295 1504 3098 3689
3430 4953 3207
3431 1024 1010
3438 1024 4191 895 4723 6086 6061 5217
3442 2215 4134
3443 3230
3444 3406 1550 2079 797 2597 3328 5159
3452 905 3547 5983
3455 5075 5190 1994 339 3010 415
3457 6047
3459 2926
3462 6064 820 2620 591 3676
3465 657
3483 2421
3488 362
3493 3946 274 843 6042 5330
3494 5449 4344 5784 2123 2414
3498 3992 2064 925 1126
3501 1577 2835 4373 1491 91 498 1628 4206 760 1043 3247 2002 3739 5565
3502 2642 1143
3503 1173 2576 2396 963
3508 457 5839 5535 5943
3514 4607 5204
3518 5130
3523 170
3524 1751
3538 3710
3540 1425 2384
3545 3519 5632
3548 5630
3549 818 2472 3930 1035 2226 3015 1960 3515 4781 2294
3554 1345 1633 777
3562 247 440 4189
3564 5866 543 2935 524 1667
3565 3983 4219 3697 1634 3641
3566 2549 1425 5490
3569 4791 389 3576 5007 6093 5037 1529 2998 553 519
3578 400 4212
3585 5838 601
3590 4484 1369
3605 1116 4052
3606 2758 3644 1827 5788 3235 5879 5296 3196 2119
3609 5169 5776
3629 26
3646 2724 4264 3569 4835
3650 5854 1025 4055
3652 5886 778 4116
3654 4035 1117 2559 5455
3656 3951 804 5423 5390 1522
3657 3889 1082 1621 4561
3658 4544 2635 393 1826 5031 5779 2485 2501 428
3660 3585 2827 3578 721
3670 5605 470 5325 1272 4975
3672 3742 3680 6011 406 476 2428
3680 1308 2734 4788 577 406 2895 3965 3672 4255 3703 2395 409 2163 1429 4702 6011 3742 2536 4888 476 1814 5663
3681 5917
3691 610 4593 3614 1787
3702 487 868 2967 5282 1993 1408 5137 6001
3703 1874 4985 783 5479 5102
3704 2542 3402 5512
3710 4176 4309 5807
3712 2537 2361 1927 5051 3337 579 1958 1126 332 3964 140 2861 5407 2999 1347 3198
3714 846
3715 674 3131
3724 1081 373 1257 668 2836 176 4373 5907
3730 3713 5989 2749 5573 3620 5083 1402
3734 279 45
3736 3830 5964 2908 3232 2718 4900
3737 5668
3739 3590 91 3660 5565 3501 2002 4329 5380 1065 760 1577 5820
3740 3005 5854 4027 3929
3742 6011
3744 2906 1794 3352 3276 4807 3982
3748 1237 5008 3131 894 2058 1642 2667
3749 6005 3231
3752 693 4562 947 2904 401
3753 2061 4005 5147 3259
3754 5153 5729 2154 3791 4510
3769 1823 5802 2533 3550 3419 2433 4351 2329
3772 4796 2213 2175 2600 4192 59 5871 3174
3774 1664
3779 1116 5147
3784 276 2077 4492 2768 3222 4038 1349 4197 4791 5983 905 1537 5995 5009
3789 79 3966 630 1033 1506 2848 1302 3114 6057 5362 4865
3791 5729 2154 3383 4769 4510
3793 2905 4598 1074 4665 5102
3794 4747
3796 2015 3917 2029
3802 3723 1100 5355 4735 1605 1388 3148 5770 131 5089 1709 634 3495
3806 110 1782
3808 502 926 3020 5527 5867 4810 4942 3960 5056 4016 5535 2982 1602
3810 3409 3843
3814 5923 3737
3815 3573 968 2920
3816 1705 1098
3826 4796 16 703 2387 4674 3678 3323 5637 3908 3139
3830 727 2614 3996 2798 4900
3831 5738 2165 3029 3538 3903 2688 5519 5085 3715 674 2244 1331 4627
3843 4751 2113 319 934
3845 17 5968 530
3849 4483 4082 1176
3852 2394 484 294 4736 5131 3196 5879 3521 3223
3858 5877 1575 3149
3870 5702 1436
3873 410 4134 2829 1039 802 5926 3457 897 1363 3265 2686 174
3874 872
3882 353 4286 2302 2715
3883 2758 3093 2162 5450 2195 3374 3283
3884 1326 3651
3885 1296 2478 3605 945 4332
3886 4130 4982 2987 130
3889 3445 1621 3596 3130
3894 4157 2903
3909 314 563 1452 177 4158 1809 3203
3910 1878 3123 462
3916 2598 780 4366 1286 3950 787 4711
3926 3244
3936 2660 4048
3943 2677 471 5092 1304 2256 5432 1888 374 5489 2443 690 2125 4804 1492 5047
3949 3208
3957 2940 1895 838 1763 1815 5816 769
3964 3459 885 5784 5529 1507 4527 5449 4344
3968 4396 5282 1153 1737 3702 1993 868 2967 2087 487 5137 3624
3971 4588 5521 2790 659 5460 5154 4590 3784 4497 2572 4895 2893 3322 2942 904 241 5138
3972 556
3975 287
3976 5800
3995 3318 314 4944 1241 3537 1207
3996 5451 4360 4986 836 1730 6060 4274 1281 4411 2147 4505
3998 1180
4000 2940 644 3784 2746 4117 2692 775 3264 652 3430 3604 2157 3744 4699 5450 2562 3883
4008 1107 4755 4542 5633 1957 5185
4009 456 4786 918 5348 5312 4639
4010 1397 4577 1076 5646 5845 4059 1534
4017 877 1567 2000 1689 3453 3752 3707 1051 481 4138 1948 1204 2281
4018 3936 1834 4722 5243 4832 4666
4019 4725 2327
4022 3523 2244 4427 1331 3013
4024 2782 4995 4610
4030 1100 2397 6008 759 3246
4031 5415 1696 710 1747 5452 1744 379 4129 3141 1917 1833 3604
4033 5867 233
4035 2759 4342 338
4038 1567 3222 1047 1232 1948 5626 1349 861 3767
4042 1700 384 1213
4043 793 3573
4052 5746 5232 1094
4056 5500 407 5327 1020
4059 4010
4060 5223 221 1158 3299 3757
4063 652 4546
4064 3322 904 5138 4416 2572
4067 996 3119 1495
4070 1122 4176 4612
4071 3409 3699 1000 5697 5566 3563
4073 2815
4079 2805 5465 2399 897 293 1039 5926 2829 802
4088 5386 4618 2030 5755
4092 4398 1966 2198 4285
4103 3885
4104 661 3692 5446 966 4293 874 2318 1540 1557 1179 5625 800 3327 2009
4107 2172 141 3500 1992 3458
4112 5829 1588 3495 4272 3027 5089 5770 238 1018 4424 5193 4902 908 131 5811 514 5115 4748 2344 4660 4853 4177 660
4114 254 2989 253 2883 4093
4124 3590 2031 2462 3913 971 1693
4131 3235 5981 1338 3949
4134 294
4141 1347 5816 3004
4144 856 1111 3575 321 124
4149 5636 5097 4799 5587 4683 878 5756 2026 422 5814 5172 2857 4489
4152 4853 4748
4156 329 3588 2092 3657 528 1428 723 4014 5438 1761
4157 445 3894 2903 92
4160 299 4716 4741 4909
4175 5049 3491 5953 2567 2530 4744 4648 5040 136 3962
4176 5807 4309 3710 4612 4645 4070
4179 4913 2805 2201 2399 3208 3375
4183 4567 3542
4191 6024 4289 1280 1769 388 1065 1674 3711 61 4586 741
4197 3753
4202 3017 4209 5986 1797 3773
4207 3264
4211 752 14 4891 1156 264
4212 5950 130
4215 5528
4218 726
4239 2840 4163 3366 3910 1878
4246 728 2291 5136
4247 694 2493 2424 5917 1493 414 2166
4257 4740 262 3891
4258 4425 3285
4264 821
4266 5279 354 3310 1456 2884 634 3731 1012
4270 4271 4949 5869 1410 8 70 1500 1037 2927 1192 4421 1353 4897
4272 3928 5829 1709 3495 3148 4230
4273 1360 3008 3124 1457 2968 6075 3762 3822
4275 635 5033 1705
4277 1996
4281 5852
4287 666 2304 2752 4581 1418 5051 2508 4435 4104 4501 4904 1349 5828 6022 1934 2198 2475 3188 5123 3375 5884
4291 1775 328 5261 4579
4303 3833 1075
4305 5019
4320 5218 2380 2111 1155
4321 3285 4610 351 3088 5405 4486 3262 4258 596 5200 1116
4323 4741
4326 4722 5403 2340 4832 5741 1675 5176 169 5243 2326 4666 2990 3167 1801
4330 909 3809 4460 518
4332 2148 1695 3079 3885 910 657 832 1068 4727 3465
4337 708
4340 827 2759 3601 800 1209 4682 5652 375 3468 4629 5936 803 1174 4616 4385 3836 5840
4355 3814 5668 1512 743 1091 5155
4356 5316 4988
4364 883 3120
4365 1712 1539 2623 5304
4379 4780 4796
4391 4440 1349 4687 3213
4394 5244 3068 2789
4395 5471 5216 2594 136 2082 1178 614 3717 4278 5338 1128 5672 196 3080 2575 1870 655 2744 2577 5040
4398 1393 5113 5981 1347 606 3318 4647 1021 265
4400 5447 798 3796 5472 2029
4401 3370 6061
4404 1886 732 6054 1688
4435 4581 3995 2304 2399 4340 5205 4131 3970 2557 2223
4437 6039 2225 4149 483 5301
4440 1454 4272 1109 883 2813 5728 2641 1214 1578
4454 830 2902 4562 693
4458 2902 1178
4459 3665 643
4460 4330 1489
4467 1487 5978 1741 3832 349 4229
4484 1369 1786 5184 4204 3739 1280
4486 2782 351 596 4610 2469 4995
4501 5819 4486 5875 5891 661 2923 5859 5068 3574 2399
4503 3052
4517 11
4522 2346
4527 2475 2105 3341 332
4530 2764
4531 3650 5554
4543 3471 686 180 591 550 1600
4552 5274 1778
4562 830 442 1146 5785 303 577 4355
4568 4549 3326 1168 5440 5228 4328 3664 871 154 3959
4573 3293
4577 4010 4059
4578 3454 2645 1816
4581 5123
4582 1600 5043
4584 4866 5563 6086 3438
4585 1834
4586 395 5849 3073 1899 5442 4714 3284
4588 5521
4589 4868 5514
4607 4941 5204 1139 5209 2674
4608 3169 360 3787 3933
4610 3285 1385 3909 4995 2469 4258 1144 3262 4024
4611 4238 5306 1277
4612 1448 4645 4070 5807 1122 4176
4617 4358 2595 4248 5285 3109 2560
4626 4523 29
4627 3903
4636 2412 5175 3470
4641 3303
4643 4025 5203 5230
4644 619 3885 2700 4009
4645 3552
4647 2198
4652 3815 4780 5104 4277
4663 2495 996
4664 2966 5081 4638 695 1907
4666 1881 4832 2990 4585 5176 1675 4722 5243 3317 3167 5403 2340 6031 5776
4670 2706 647 5852
4687 3236 286
4688 2219
4695 3586 5112 2666
4699 4663 6022 3375 1934 3992 5578 6013
4701 3539 1471 486 4048
4710 2987
4712 498
4717 626 5275 2111 1155
4721 2461 1745 5210 4343 1168
4722 2121 4382
4723 5698
4727 4555 3465
4739 242 1911 4032 2408 3499 2114
4741 4515 3736 3675 4323 1767 4877 3830 3075 4611 79 3083 5006
4744 1776 1233 1266 5537 218 4788 3445 4567
4753 5570 281 6023 1182 2610 662
4761 1079 1316
4764 1787 3614 6026 2870 3613 4087 261
4765 3430 2963 522 2514 4063 594 787 5891 780
4766 4744 1852 1134
4769 3383 5935 2355 3547 3791
4777 2466 773 2037 1422 497 78 1069 4298 3656 804 3951 578 2099
4780 5871 4975 4899 4192
4782 4531 412 1729 3916 4156 1450 3561 4140 772
4791 4197 389 5965 3125
4795 262
4804 3943 1888 1461 2722
4808 904 5138 4416 3322 2572 4681 4497 2165
4812 5353 6075 5132 1612 569 3204
4813 897 1039 2829
4816 959
4823 5164 4529 1155 643
4826 4474 5195 512 2707 1538 3455 2873 4954 1994 1366 339 815 4931 4311
4832 6031 169 3167 5176 4666 5741 1834 3317 4722 2326 3609 4326 2990 4018 4585 2023 2012 2340
4835 5435 4388 270 4870 599 2227 1540 1236
4836 2959
4843 6035 352 5786 159 5653
4855 6026 3054 4782 406 2895
4856 1602 5109 5892 1144
4860 447 2629 1464
4869 1126 1597 352 2318 920
4875 5530 1405 594 3945 1750 5851 2180 3064 1392 883 1847 1326 1403 1119 3388
4877 3220 5392
4889 3429
4892 56 4179 986
4898 4712 1027
4900 877 4698 4338 1740 2569 3526 1977
4903 4064 3701 5706 3355
4904 5578 5981
4927 5111 2277 189
4942 6093 5037 1529 519 2204 2998
4943 2482 3321
4944 3564
4951 5185 4854 5621
4954 2638 6009 4980 2726 1909
4955 2799 4943 2482 5524 4636 3321 1358 2675 3593 2628 1100 5782 1221 1398 3757 3776 5606 1972 899 1988 5909 3120 6057 1506 3966 630 1302 1033 5921 1060 5234 2099 1260 1836 5159
4956 5623 4254 5641
4960 3079 2629
4979 1017 5276 5526 2520 5029 4718 2435 1274
4982 1183 4058 1685
4983 2437 2543
4984 1491 4536 3317 909 4423 4460 518
4989 1656 1880 5918 1924 332 3712 4048 2620 5263
4991 4493 3470 5608 610 5720 2039 3584
4996 5374 4934 2285 4637 2127 447 1690 2167
5004 2532
5005 2341 4944 1314 175 2721 3532
5006 3675 3736
5007 2259 1963 3257 3779 3296 2963
5020 5848 1110
5025 1632
5026 1715 481 2281
5028 2234 5658 4947 2517 2451 5363 5069 4854 2074 5806 876
5030 1761 3470 4846 3929 5608 3832 3761 5822
5034 3596 1621 3340
5036 4797 2805 1460
5037 6093 1261
5041 3665 4031 1403 1119 4944
5046 573 1824 528
5049 4175
5050 3878 1643 5192 5884 4207 3949 265 1627 5145 925 5981 5828 4904 2083 827 4093 283 1513 4576 3264
5051 1738 4293 3692 2943
5052 4251 305 4704
5055 5723 1058 2677
5057 5743
5069 4563
5076 4854 1050 5028 3227 2234
5081 5555 695 2866
5095 2268 830 3488 2478
5098 800 599 1038 2318
5103 4313 1797 3912 1059 4106 5986 4209 5568 3804
5109 1305 1392 4670 3064
5111 2277 189 1469 2462 1719 500 4831 540 4827 1549 5813 4679 244
5123 2157 2041 5532 3692 3949 3622 1411
5131 1931 1542 5619 3251
5133 3381 5077
5137 868 6001 2087 5282 2967
5142 1623 1215 3540 3176
5145 2557 3222 527 2067
5154 4298
5155 2590
5159 1260
5161 4648
5168 1840 13 3324 5113 1814 876
5169 2060 5599 2295
5172 5830 5814 2026 2857 4479
5176 4018 169 5868 4832 4722 2023 5243 4666 4585 3317 4326 1801 6024
5183 5210 4659 2329 3700
5184 806 2893 4659
5191 3363
5196 3102 4968 2105 985 2063 5153 2803 4166
5200 2954 5412 563 2287 2912 4368 5357 5219 351 3262 2294 4258 2469 3603 2931 3909 4995 4610 2782 3285
5202 1283
5204 1139 5209 4607 1025 4989 5531 4980 1544 868 1217 5757
5209 5204 4607 1139 5531 868 4792 4989
5213 1818 5809 1575 5022
5215 4502
5217 5007 6061 2203 3696 1010
5234 1235 3031 5118 5165 3000
5248 1406 3031 5118
5260 4994 3445 4567 3105 3542 2683 934 1965 4817 762 3400 1830 455 2113 3002 319 5251 4897 2913 5086 4402 3042 2453 4415 913
5263 1187 2258 2092
5264 5435 3102 5196 4603 2105 2223 1463 1254 2746
5276 5208
5282 2602 5935
5284 1545 2471 768 2390 4660
5295 6067 4122 3749 4114 3054 4449 2645 2795 1437 5982 1831 3454 772 5715 890 1450 5598 1315
5296 5999 6045 1817 2702 5418 1411 4222
5304 1712 1539 881 4365 2623
5328 1009 5599 3044 590 3184 5499
5332 5525 1349 2261 2768
5336 3350 844 3562 4264 4024 2974
5337 5935 1537 2355
5347 243 44 1289 3639 2788 2535 2709
5353 5373 731 3849 1737 912
5354 1383 702 1392 3064 1766 1405
5363 4854 5954 795 3294 1934 3398 4699 2764 2234 3722 5658 3518 863
5365 3611 2883 4114 227 380 5541 4763 4963
5366 1520
5368 146 4055 1211 1787 1327 5823 3936 1024 6026 5217
5369 4644 1530 4921 1052 4377 3090 167 2454 2993 3885 959 5444 5537 4944 4500 640 4037 5175 4676 3537 3009
5371 1131
5374 4979
5377 4474 6074 2735 4225 2141 3231 1824 5119 1947 573 509
5380 4727 4144 2002 498 1400
5383 4812 3723 6014 432 6058
5384 4728 3205 1452 4879
5388 3166 771 4342 3756 4942 5753 4212 4982
5400 845
5402 1501 3166 1275 1044 3720 5549 5764 2056 6067 3650
5403 4832 4722
5413 4372
5436 2055 2851 3099 1986 2520
5441 3620 2040 5989
5443 4009 3488 2640 1313 5624 3053 5464 4796 4876 1626 1361 2689 205 2546
5446 3571 1643 3337
5448 2633 3932 4045 5035 2432 1982 5024 4418 3872 2175 4713 496
5450 3449 3093 5257 24 3359 326 5967 5740 4837 1915
5451 712 3287 5290
5466 3863 2544 4357
5472 2535 44 243 5942 5347 1289
5473 1871 3895 291 3734 5926 4408 3055 4898 2829 849 1039 802 3265 2686 1873 3873
5489 690 4804 1888 471 756 374 2443 2125
5492 1535 1222 2529 678
5493 2451 2517 876 2335 3324 3545 517
5495 4647 1544 4079 2318 2874 1927 1126
5499 4889
5500 2508 4576 2361 2542 237 4518
5512 4934
5516 5778
5528 4619 269 3149
5532 2799
5539 1313 2888
5546 2461
5569 1612 1377 2523 290 278
5575 4460 518 4330 1489 909 1499
5577 263 3606 1384 752 5978 5934 1156 1741 4402 3275 4211 2053 1278 2556 4698 3526 345
5578 4938 6022 3367 4552 827 5532
5583 4688 5414 2031 229
5589 4134
5598 1246 772 5286 3810 4531 1094
5604 229 790 5190 4572 4913 5075 1994 5401
5610 4934 2078
5621 6068
5627 207 2546 205
5633 4542 1107 4008
5645 4753 499 662 1804 1182 2182 2610 2194 5570 5436 1922
5657 5726 5217 4401 895
5658 4819 5363 4854 5569 5069 4437 3110 3518 2592 863 4946 5130 5967 5806 3638
5659 3864 2232 3326 4549
5667 5490
5668 743
5674 866 3980 2247
5675 5427 3431 96 2372 1404 704 4040 1636 5994 5263 4848 4277 4586 1664 1559
5676 1243 4142 4865 2617 5362 5940 137 2376
5681 4070
5682 3259 3511 3932 5618
5686 2260 915
5688 5676 3574 5578 5372 4790 5123
5693 5648 54 2921 3745
5702 3870 2235
5704 5353 898
5706 3384 5393 4478 3603
5715 1315 2966 412 1501 263 3810 689 3454 4315 2056 5598 2645 4782 5982 3054
5723 1058 5819 2340 2558 4242 1141 4018 4585 1834 5741
5724 5104 1742
5732 6010 577 664 3039
5739 642 4154 1487 5570 1233 603 1561 3276 2823 5806 6016
5741 1271 6024 5403 3544 4585 4666 5176 6031 4832 1834 3609
5752 506 2813 2825
5753 4942 2987 4710 54 949 130
5761 3388 5036 3082 5530 2816 4797 4745 2473 451 284 2805 10
5776 5403 5741
5782 362 2072 5871 1912 4388 1847 4192 2332 865 1996 4975 2089 5739
5783 5500 2083 2542 3386
5787 5025 3561 1847 3916 1067 5152 937 4143 4644 4802
5788 5879 3196 4736
5793 5743 2402 1203 1556 2072 3003 4433 5690 829 3008 1360
5796 3621 4823 4714 2033 2463 5577 64
5800 3730 5083 5989
5807 4747 3774 1448 4522 3710
5810 1160 682 4336 5014
5811 1080 4337 5891
5815 3147
5818 3400 762 4817 1830
5819 2223 4287 3133
5820 1577 4984 2313 5380 4582 5565 3739 1628 3247 760 4144
5823 618 2653 6023 1136
5828 4657 4530 666 5676 5884 3188 4904 795 5296
5836 342
5838 89 3349 4218
5845 1397 1534 4577 2753 4059 1076 4010 5646 809
5846 3998 608 2699
5849 685 5095
5857 829 5690 4433
5859 4288 3565 3983 4810 3697 46 4219 4844 2278 3641 1634 513 4890 3556 4739
5863 2573 3782 1657 3390 4069 4311 2584 3589
5865 2174 5678 405 938 3818 5696 5847 6053 2539 4193 1186
5867 1481 2384 3363 3793
5871 2574
5874 31 5254 5083
5875 5933 3069 1794 5822 634 3310 354 843 6042 5991 5330 4981 5654 725 3946 3527 988 2884 3416 3731 1012
5884 1418 4530
5886 3837 2365 5582 3499
5889 5499
5897 2514 4414
5901 2945 2183 3469 2038 2096 4667
5903 5263 3901 4048 1195 2660
5905 833 3015 3057
5907 3423 980 2850 2153 5516 1496 4320 3629 708 4960 1390 3724 645 668 2836 3195 3321 2756 3635 910 5493 1257 373
5908 3183 4855 6026 1121 2231
5909 4091 4636 4879 4544 1056
5917 4247 2493
5923 3814
5926 1039 2829
5927 2214 1858 1710 1707 4346 1745 4297 1941 5713 3378 4331 102 421 1194 1957 3407
5935 1931 5619 1542 419
5938 1356
5942 3833
5948 2962 1162 2896 3780 4730 5622 733 4930 436 2327 4994
5951 1564 2354 3788 4935 974 5844 6037 5227 4560
5953 1356 4648 5161 3902 1793 2728 3970 2525 6056 3003 2293 4836 2355 1339 4847 3903 3284 5935 2010
5955 292 445 3592 2138 2959 3275 3581 5430 3092 3218 4399
5958 1757 4706 1240 5569 1960
5967 326
5977 2514 3062 5591
5981 3235 666 5676 5372
5987 5864 5552 3693
5993 5743 2441 1830
6009 2147 2562
6020 2033 4714 1430 3621 2063
6023 1509 1530 4921 415
6024 5122
6025 692 4143 5894 3173 2697 2752 746 1634 2565 1748
6030 184 641
6031 1658 1051 6060 2545
6056 2728
6057 1506
6060 4360 4986 836 1730 4274 2617 314 4865 3908 5451 1281 5637 5362 137 2376 2848
6067 1044 3753
6068 5379
6075 4600 4263 5187 4922
6080 4012 3486 813 5821
6086 1024 5539 3438 930
6088 5676 90 3942 4646 1482 1046 231 4056 638 4626
6090 4445
6093 5037