11582 10983 
14925 10983 
5587 10983 
8288 6981 1247 
10928 15408 763 2316 337 
11977 5867 15811 
4025 15082 
10180 3974 15304 14828 13946 9755 
611 14789 15502 4431 5015 7577 10031 15295 
15051 2732 1291 5036 5037 5038 15069 
14957 13903 
13856 11010 4835 4836 4837 2599 2601 171 11437 4720 10353 4626 15443 9301 921 10842 14427 14364 15902 15717 
15236 14314 10228 8952 13338 15259 
10018 10280 6505 12268 15440 7767 15130 6974 
10856 6339 9124 10631 10983 
15954 1451 14470 9182 
9124 11781 9389 10928 337 15637 894 
15554 12243 12319 
9124 11781 8137 6346 7638 13976 1788 
1142 11582 
8584 11582 
9392 15304 9755 10180 14828 
560 2435 12873 3339 9517 208 1559 
800 11520 317 
9124 10631 10856 6346 7638 13976 8698 
9124 10631 10856 6346 7638 13976 8698 5181 
11122 13124 1453 11486 
11122 13124 1453 8951 
4403 1898 8143 14227 1429 5718 2203 1151 
7760 3980 6573 6351 
10499 3713 6059 3152 
6304 6227 2868 
6304 6227 
12291 10877 
7344 11342 
10986 11747 5190 871 
7084 7149 5190 871 
7744 13665 16482 12487 10794 12497 952 665 7967 8095 
11361 11362 15972 1640 5897 15724 5328 6613 13348 
5313 5157 14662 13039 7152 14738 1592 7868 
10938 13163 484 7355 
13848 7655 
2052 1030 1031 1035 1036 9860 6131 7897 
16059 9389 
6441 15499 9639 
8163 2052 1030 1031 1035 1036 6131 7897 9860 
6240 14730 1247 
6346 4076 973 7638 
11273 13454 13455 13806 9628 16034 16035 14247 14506 5319 1987 5191 8780 8399 271 15703 15067 16476 7005 10340 8807 9966 1834 15253 
16034 1987 5191 11273 1834 8807 9966 16035 14247 13806 15067 15253 
6346 11348 766 7638 6615 
7329 10340 8780 13454 13455 11258 271 9628 4735 
16280 15008 1969 8189 13049 
4768 12224 485 14503 2826 9389 2894 2355 12661 3288 1338 13438 
4768 12224 485 14503 2826 9389 2894 2355 12661 3288 1338 13438 4927 
6940 14818 5188 13173 897 
13257 12979 12948 
16253 5735 
6593 9218 12579 8012 11414 4823 7480 10297 4571 7643 
6146 6630 8627 13461 8631 1851 6622 15903 
12392 3051 12971 4263 
14544 3034 12871 
9792 16298 14132 14200 14267 7966 
11371 7692 9614 4791 
4897 15954 1451 14470 9182 
3656 4218 12815 
10018 5638 10280 6505 12268 15440 7767 15130 6974 
7744 13665 16482 8038 12487 10794 13090 13938 7967 8095 
8399 15703 
16476 5319 
15680 11052 10473 12396 8886 8553 3642 7005 15871 
9096 15694 12982 
15408 15589 2316 10928 337 13402 763 
10928 337 628 7408 9449 
8737 4162 11434 3056 5268 1430 7581 12190 
14290 15227 8878 
4228 262 520 3721 12430 12816 11438 16286 12449 37 38 8744 10923 10924 10926 815 11957 7095 3640 2362 16187 11584 1995 15430 15278 13771 1485 4433 4434 9685 15968 10209 10210 2531 10212 1253 8568 12144 11253 11510 8184 7573 
9432 10937 
11010 11655 526 527 528 529 14231 921 15902 13856 2599 2601 12594 566 15543 13895 9687 14427 15717 7144 1904 1907 
9712 14736 15411 9948 2621 
7744 13665 16482 9411 8038 12487 13866 10811 952 8095 10794 8094 7967 
16435 8132 4078 12751 
1904 11655 13895 7144 9687 526 527 528 529 12594 1907 14231 566 15543 
1904 11655 13895 7144 9687 14957 526 527 528 529 12594 1907 14231 566 15543 13903 
11010 11655 526 527 528 529 4626 14231 921 14364 15902 13856 4720 2599 2601 171 11437 12594 566 15543 13895 13903 15443 9301 9687 10842 14427 15717 4835 4836 4837 7144 14957 1904 10353 1907 
1904 11655 13895 4040 9687 526 527 528 529 12594 1907 14231 7144 566 15543 
7617 8582 
6304 6227 2868 8582 
12633 10308 11748 5190 14663 
9402 1691 
15472 1594 10308 14821 14663 
1594 16395 10308 14821 14663 
1594 1187 10308 14821 14663 
7401 1594 10308 14821 14663 
7650 1594 10308 14821 14663 
5777 15589 
1691 15589 
6475 10308 14821 5190 14663 
11306 1151 8143 6128 2260 1429 2203 16085 
5515 5190 11747 
13811 9870 6367 
5515 11748 5190 
11739 5515 5190 
5515 11740 5190 
12083 5515 5190 
10986 11747 871 
193 11747 871 
9702 6665 2956 8143 1429 13975 15198 1151 
12997 9702 6665 6128 1429 13975 15198 
4743 13832 6665 2956 14227 1429 13975 8344 8346 2203 11248 935 11306 4016 12997 9545 8143 2000 2260 16085 4954 8027 15198 9702 14313 1898 2173 6128 12794 14973 14590 1151 
11248 2203 4743 5232 14313 8143 6128 14227 2260 1429 13975 8344 4954 1151 16085 
10498 16059 4620 9389 
13484 9389 
7744 13665 16482 8582 8038 10794 15764 952 8094 8095 
16263 8582 1975 
14917 8582 
7210 7020 646 
4099 484 677 1383 13163 844 3764 11573 4279 10938 7355 5726 6719 
484 13163 844 9236 11573 2852 10938 7355 6719 
844 3764 677 5726 
10113 7210 6478 646 5982 
4099 484 1383 13163 3764 11573 4279 10938 7355 5726 6719 
3713 3153 
13896 12617 
3713 6059 
10499 3713 6059 3152 3153 
3152 10499 
5433 7666 
4104 8423 2069 2283 2277 
3336 14105 15233 
15233 2277 8423 4104 2283 3336 2069 14105 
4104 2283 2277 8422 8423 
4104 2283 8423 
13536 16352 15226 11416 8847 
14113 4964 284 8591 
3521 13124 10631 10856 6346 1453 7279 9389 11122 7638 8951 13976 9124 16059 5181 11486 
6128 2203 9702 8143 11248 2260 1429 13975 4954 1151 16085 
11305 7611 677 
11305 3683 14285 
11248 9702 6665 14313 8143 6128 16085 14227 1429 13975 4954 2203 15198 1151 
11248 9702 6665 14313 8143 6128 16085 14227 2260 1429 13975 4954 2203 15198 1151 
11305 3683 677 9791 
3683 677 9791 
677 9791 
11305 13796 5637 857 7863 
4280 796 14581 2007 
14858 796 
8027 12997 9702 11306 2956 8143 4403 1429 13975 2203 1898 16085 
8027 6665 12997 9702 4403 1898 2956 14313 8143 16085 14227 1429 13975 2203 11306 15198 1151 
11040 3906 8614 8038 14508 458 7532 4399 2324 1385 9208 1307 11205 
16164 11205 8038 4072 14090 7532 14702 10704 12850 12949 
13189 13191 13192 8556 522 8846 3480 6176 930 15397 15014 11016 10040 8889 8890 6721 6724 6727 9802 13900 16333 12576 6356 6357 6358 12255 15398 14694 2668 13294 13302 9428 
13611 9428 13189 4359 13192 8556 522 6117 8846 784 11811 13332 3480 14235 14236 10150 14238 930 6176 11809 11810 4003 11812 15397 15014 40 41 6721 43 15789 13900 4911 11016 1714 4467 55 10040 12729 8890 13500 2494 9793 16450 6724 100 6727 8889 9802 9803 7116 16333 12576 10194 10339 6356 6357 6358 15191 11364 15834 12255 1123 6116 15398 14694 362 2668 13294 1903 15858 10739 13191 12094 13302 1145 33 5255 4863 
13611 4359 784 11811 13332 14235 14236 14238 11809 11810 4003 11812 10150 40 41 43 15789 4911 1714 4467 55 12729 13500 2494 9793 16450 100 33 9803 7116 10194 10339 15191 6116 15834 1123 11364 6117 362 1903 15858 10739 12094 1145 5255 4863 
3681 13282 646 11305 7020 3775 
14552 11305 13282 3681 
11305 11946 13282 3681 
17 13282 3681 198 11305 
11305 13282 
15754 6679 15117 5264 5265 6677 6678 14743 14745 14627 4915 14263 3768 7867 9279 9536 9538 9283 12998 15951 8120 8420 10718 7522 10980 4199 191 1012 16507 2428 
9536 4650 8699 9279 15754 6679 15117 15213 5264 8209 13077 6678 14743 8600 14745 5403 11594 7268 14627 9636 294 5265 298 4395 9538 11566 4915 1332 2357 10550 14263 3768 7867 4412 10301 11966 4799 12864 2882 9283 15556 69 12998 11591 11593 7498 11595 9420 15951 8120 13305 10718 8420 10717 8670 14181 864 7522 3899 10980 14437 3814 4199 379 15335 8565 191 1390 15101 1012 1726 246 14841 16507 2428 8746 7806 6677 
6441 15499 15158 
4650 8209 13077 8600 5403 11594 9636 294 8746 4395 11566 1332 2357 10550 3899 4412 10301 1726 4799 12864 2882 15556 69 11591 11593 7498 11595 9420 13305 10717 8670 14181 864 379 7268 14437 3814 15335 15213 1390 15101 11966 8565 246 14841 8699 298 7806 
6441 15499 
14269 14934 
3684 14269 14934 
9402 1691 13255 
13189 13191 13192 8556 522 8846 3480 6176 930 15397 15398 11016 10040 8889 8890 6721 6724 6727 9802 13900 16333 12576 6356 6357 6358 12255 14694 2668 13302 9428 
10184 2994 3315 3316 
9402 1691 10306 
16384 4097 3074 5127 12298 6671 13400 2070 7708 35 4138 1996 8753 4147 10804 5686 5185 6211 11844 12358 3657 6218 75 9294 6223 15441 11346 14421 14424 11370 5752 660 2709 5271 1176 5276 5277 5278 5279 5280 9613 7592 14502 12970 16045 2224 10427 10947 8905 11980 8402 2259 4576 15064 11993 5850 6879 2273 3812 8424 10987 15084 2801 5874 13043 5365 4342 1784 3285 1280 6407 11735 8974 7440 13586 11541 14108 5415 14125 10032 4404 10720 3907 13638 5959 9032 13642 3403 9549 9550 9551 16212 3417 10088 14187 9582 5877 12660 7565 15739 10114 10475 9092 392 4492 2957 12174 16024 5013 14748 4511 6049 9542 4520 412 9132 4021 4022 4023 1464 7156 7610 7612 959 3520 16323 758 12231 4555 10188 4046 5965 11216 5079 10208 6625 10321 5613 15272 12276 4091 
10928 337 1691 
9505 15158 
5777 10306 9868 15589 
3683 13204 8942 
14285 3683 677 9791 
3683 7611 677 14285 
3683 14285 
3683 2142 
11305 3683 14285 677 9791 
7611 677 
1411 365 
3108 5996 76 4188 478 1599 
12577 6119 13768 13131 13132 371 
953 11747 871 
9376 11740 5190 
12378 9660 
8986 9660 
6526 12943 
9436 677 9791 
14146 2082 
13041 6087 
11305 9436 677 
9755 11878 
9216 6988 
5127 7565 5276 5277 5278 6688 5155 8231 556 2610 5686 11980 9549 9550 9551 11346 5850 5853 15714 11882 8402 12786 5877 505 
12548 485 311 
6304 3683 8582 677 8422 8423 4104 14285 15375 6227 2868 3764 
3683 8582 677 8422 8423 4104 14285 3764 
8422 677 8582 8423 4104 15375 
6227 14285 8582 
15680 8289 3683 8582 14285 3855 7088 7089 8886 12476 
3855 8289 14313 1898 8143 6128 14227 1429 2203 2462 1151 
271 11024 5425 11315 14006 12023 15902 
15680 8289 11052 2792 8553 11980 3855 7088 7089 274 3957 8886 3641 3642 12476 15871 
1331 12022 
15680 11052 10473 12396 274 8886 8553 3641 3642 3643 7005 
15954 13830 9182 7343 
15954 1451 9182 7343 
15680 11052 10473 12396 274 8886 8553 3641 3642 3643 7005 15871 
15680 8289 11052 2792 8553 11980 3855 7088 7089 274 3957 8886 3641 3642 3643 12476 15871 
8288 15680 11814 2792 3855 7088 7089 274 8886 12476 
11106 5334 
11106 14967 
15680 8289 2792 11980 3855 7088 7089 274 8886 3159 12476 4541 
15680 8289 2792 11980 3855 7088 7089 274 3957 8886 3159 12476 4541 
15680 8289 12476 
15680 3014 11052 10473 12396 274 8886 8553 3641 3642 3643 7005 
13993 1323 11246 16083 2391 11391 
4125 4126 
15680 11052 10473 12396 7005 14943 274 8886 8553 3641 3642 3643 4125 4126 15871 
15680 11052 10473 14506 12396 7005 14943 274 8886 8553 3641 3642 3643 4125 4126 15871 
8553 274 
15680 11052 10473 12396 274 8886 8553 3641 3642 7005 
15680 11052 10473 12396 11985 274 8886 8553 3641 3642 3643 7005 
15680 8289 11052 2792 8553 12395 11980 3855 7088 7089 274 3957 8886 3641 3642 12476 15871 
15680 11052 10473 12395 12396 274 8886 8553 3641 3642 3643 7005 
16506 3085 16231 
8144 6755 7004 
13934 9654 1719 
9432 8144 6255 1205 16231 
7124 11493 3127 
7124 11493 4758 3127 
2500 7532 11205 8038 3855 
4538 9700 
10704 2500 11205 8038 5031 7532 4142 3855 3664 14 15189 2009 13753 16143 11717 
10704 2500 11205 8038 5031 14090 7532 4142 3855 3664 14 15189 2009 13753 16143 11717 
10600 13204 8942 
4548 6333 8341 
12997 9702 4743 4403 1898 2956 14313 8143 14227 1429 5718 13975 2203 11306 15198 1151 
5712 9700 
14080 4113 8551 
6665 9702 4743 4403 1898 14313 8143 14227 1429 13975 2203 11306 15198 1151 
4743 16232 14313 1898 1151 8143 6128 16085 14227 2260 7925 13975 2203 1429 
12547 2726 13902 
5449 7308 7309 11156 7418 8285 
173 5813 9695 
14332 10517 
7744 13665 16482 8038 10794 13090 13938 15764 7967 8095 
7744 13665 16482 8038 10794 15764 952 7967 8095 
7744 13665 16482 8038 10794 13090 13938 7967 8095 
14818 12291 13902 
4992 3905 2720 11004 487 
5280 3074 9894 3403 5365 11355 5279 
5280 3074 548 3403 5365 11355 5279 
1058 1706 12263 12264 14762 2071 3116 13005 1489 15541 7895 2041 9850 10652 2218 
7744 13665 16482 8038 10794 952 8094 7967 
7744 13665 16482 8038 12487 10794 952 7967 8095 
13665 16482 6981 10794 952 1247 8095 
952 6981 1247 
5457 1702 
7241 14730 9908 
8698 6339 9124 10631 10983 
6339 10631 6346 7279 7638 13976 8698 
9124 11781 12391 8137 6346 13716 7638 13976 
9124 11781 12391 8137 6346 13716 7638 13976 8409 
9124 11781 8137 6346 13716 7638 13976 
450 4499 1300 1710 
434 9711 4606 15679 
9801 1098 9622 
9801 1098 2277 9622 
3521 9124 6346 7279 7792 13976 8698 
290 829 5063 
6304 6227 2868 7966 
2113 9124 7792 14321 15989 13976 2045 
12633 10308 11748 14663 
5579 8966 
7792 2045 
2432 2113 3747 9124 485 13992 9771 7792 14321 11189 7608 2776 2045 15989 
6304 6227 2868 3855 
8370 3764 
5097 282 4421 
13976 3521 3747 9124 11781 10856 6346 8698 7279 11120 14321 15989 7638 1112 7792 10298 2045 
2113 3747 9124 13976 11120 14321 15989 1112 7792 10298 2045 
1112 13976 10298 9124 7792 
3393 12044 
9124 7792 14321 15989 13976 2045 
5026 6308 12930 11567 
5026 3095 
2432 2113 9124 12224 6471 13992 2761 9771 11020 8178 7534 7792 13714 1047 13976 4233 2045 
2432 9124 4233 11020 7792 13714 1047 13976 2045 
1048 14945 
3521 9124 10631 10856 6346 5181 7792 7638 2045 
7792 9124 2045 
3521 14466 9124 10631 10856 6346 5181 7638 2045 
3521 14466 10631 10856 6346 7638 13976 
560 2435 14789 1559 12873 3339 9517 15502 4431 208 611 5015 7577 10031 15295 
15811 14789 11977 5867 15502 4431 611 5015 7577 10031 15295 
6307 3230 
9783 8525 11143 
14268 12799 11143 8525 9783 
9124 9349 10631 10856 6346 7638 13976 8698 5181 
15514 3807 2685 3215 
12859 10022 
8702 9719 
5224 6414 
9124 11781 12391 8137 6346 13716 7638 13976 8409 1788 
9124 11781 8137 6346 7638 13976 858 8636 
858 13716 
2861 9639 
171 1829 8414 
13122 4052 5098 
13122 4052 13263 
7744 13665 16482 8038 10794 8703 952 8095 7967 
7744 13665 16482 8038 10794 952 8703 8094 7967 
7744 13665 16482 10794 8095 11781 8038 6346 952 15764 13976 8703 14205 7967 
7744 13665 16482 9124 11781 8038 6346 14205 952 15764 13976 8703 10794 8094 7967 
9124 11781 
1600 11717 351 
11717 4606 
485 12487 11624 10826 4780 8847 7603 9214 2650 3547 1630 15347 
2976 9376 5190 902 3745 2888 7580 3274 1808 7845 11740 11685 
2976 9376 5190 902 3745 2888 3274 1808 7845 403 11740 11685 
2976 9376 5190 902 8807 2888 3274 1808 7845 403 3745 11740 11685 
1129 11747 5190 871 
10552 15832 8667 
15832 10552 13263 
10552 8667 13206 
9124 11781 8137 6346 7727 13716 7638 13976 1788 
13665 16482 9124 11781 8038 8137 6346 7727 952 13716 7638 13976 7967 1788 10794 8095 
15753 5271 10987 5415 
15304 14828 13946 9755 10180 
1920 6913 15298 15299 11142 11208 3087 3089 5539 13142 5912 5567 
13976 9392 8636 11781 
891 9581 
9392 9124 11781 
12166 13038 
13976 9124 6293 11781 
15304 9392 10180 
10025 12547 8043 13902 6087 
15753 16243 5271 10987 5415 
1707 7548 
11048 1707 
10641 1707 
8905 1788 11735 
10987 5415 
10042 11794 
35 9032 9132 15084 16045 12174 13586 16024 
10641 10503 
15753 5271 
16024 13586 15084 16045 12174 
10032 412 
6786 4612 11718 9032 10987 7592 11735 
7744 13665 16482 10794 11236 9349 8038 10631 10856 6346 12487 7773 952 15764 13976 9124 8698 5181 8095 
12770 11747 11205 871 11273 10986 7532 15218 14314 
10450 5330 
5664 6257 3118 
6786 35 11735 5415 9032 10987 7592 5271 
11620 8516 3085 
2500 11717 8038 7532 4142 3855 3664 11205 
3618 12135 15337 3666 11988 760 8377 10268 10269 11134 
3618 12135 15337 3666 1651 11988 760 8377 10268 10269 11134 
9376 7580 
7148 1460 4052 13263 
1460 4159 4052 13263 
15832 2235 13263 
10704 2500 11205 8038 7532 4142 3855 3664 14 15189 2009 13753 16143 10076 11717 
11205 8038 14090 7532 4142 3855 3664 12949 2009 16143 
15832 2227 
7744 13665 16482 8095 11781 8038 10794 952 13976 8703 7967 
10552 15832 
7744 13665 16482 11781 8038 10794 952 15764 13976 8703 8094 7967 
7744 13665 16482 8038 10794 15764 952 8703 8094 7967 
9223 13613 13806 14323 4341 16476 8703 
5664 4612 13788 
5664 6786 4612 
5664 6786 4612 11718 10987 11735 13788 
832 14332 14517 
14332 14517 
832 14517 
11991 5276 5278 8703 
15832 2705 
5664 6786 4612 8838 12135 3211 3666 1651 14007 11004 
2576 6008 5750 12982 7565 
11991 7565 8703 
9048 11493 14871 
8684 14070 10807 
820 5142 
3562 14871 
9048 3562 14871 
12982 7565 2576 5750 11991 6008 8703 
5276 5278 11991 
7565 11991 5276 5277 5278 8703 
9549 9550 9551 11991 7565 5276 5277 5278 
11991 8703 
9223 11991 8703 
8707 11719 
11417 8036 7502 
9634 6267 14796 1331 9973 12022 15123 4731 
9048 3621 9973 
15009 12781 1331 13012 9973 12022 4731 15325 
11305 7125 1047 
7125 1047 
935 9545 4743 2173 11248 8344 12794 2203 14973 1151 
9124 7792 14321 2612 15989 13976 2045 
13434 1460 
2400 2705 6371 13172 
2400 6371 7660 
2400 2705 9340 
2705 6371 7660 15020 9340 
16506 13934 16231 
13976 6346 10631 7638 7279 
9124 11781 10631 10856 6346 7638 13976 8698 
13976 6346 7638 7279 
6128 6665 16085 15198 
6128 6665 15198 
6665 15198 
6128 6665 1429 15198 13975 
6128 1429 13975 
97 2844 
97 1970 
9048 9913 3562 3621 8383 
11248 2203 6665 14313 1898 6128 14227 2260 1429 13975 4954 1151 16085 
4743 1898 8143 6128 16085 13975 4954 2203 2173 1429 
8325 1143 
15832 1460 
7888 973 
9048 3562 12022 
10920 9389 
10920 973 
992 9095 15441 6741 5686 1596 7773 
608 1843 
13922 8195 130 8946 8375 13595 
6129 1843 
6018 8195 2826 2059 12684 12557 8847 15106 16404 16154 13595 13853 9376 12080 10660 14502 14503 10920 9389 1071 2224 8375 12475 7178 6078 14271 13707 10188 9294 6741 3288 11740 2525 8946 14580 12661 4344 
1843 1900 4919 
12057 1843 
4344 2274 6741 
4344 6741 
4344 10656 5994 10387 6741 
585 996 4325 
585 996 13262 
11185 11715 
608 3621 9567 
9048 3621 9567 
15273 3621 9567 
11348 6346 5444 766 6615 
16410 14123 5027 13198 1693 
11305 1055 4279 
3918 3919 
11489 2277 8422 7303 4104 2283 14552 10845 8423 
4099 13796 9094 8422 8423 1383 13004 13402 4279 14552 4602 7303 10845 
8422 4099 13796 9094 646 8423 1383 7020 13402 4279 4602 7303 10845 
11258 4735 
7329 11258 4735 
7329 10340 8780 13454 13455 3542 11258 271 9628 4735 
6617 8035 
7329 11258 10340 4735 
13768 12577 13131 
13768 371 13131 12577 
8780 271 9628 13454 13455 
371 12577 13768 13131 13132 
11305 9297 
9297 7727 
9600 772 12487 
8516 701 
11904 2908 366 
871 11779 5190 11747 
16184 2462 
3747 1244 
3747 1863 
2401 458 
3924 12799 
14268 12799 11143 11349 9783 
512 7517 9142 
5818 14037 
6597 5525 
6688 7969 15714 5155 11882 9549 9550 9551 1464 2610 7565 5276 5277 5278 13663 
4272 12849 
14268 773 12799 
8130 6014 
736 6014 
1520 6014 
9457 9868 15589 5777 
5777 9868 15589 9093 
13474 13436 7222 9166 
8580 8829 
15554 6974 
14268 14460 773 12799 
11305 15499 6441 
14268 13516 773 12799 
3777 14819 15681 13161 8696 10652 2910 
14268 9460 773 12799 
7301 14268 773 12799 
1920 6913 15298 15299 11142 15240 3087 3089 5539 11208 13142 5912 5567 
11489 13796 5637 8422 7303 11305 7863 13774 9095 9094 4279 857 16124 
11489 13796 5637 8422 5921 16124 4279 4620 13774 9095 11305 9094 7863 857 4602 7303 1597 
11489 16124 13774 7303 
6856 10048 2440 4321 2439 
9165 12799 
10048 4321 9094 2439 2440 6856 6617 
11489 13796 5637 8422 7303 11305 13774 7863 857 16124 
5921 13796 5637 8422 11489 11305 7303 13004 13774 7863 857 4602 16124 1597 4620 
10048 2496 2439 2440 4321 6856 7005 
11904 13436 7222 
11904 7222 
13474 13436 15186 7222 
13474 15186 7222 
10224 4207 
10224 8965 
8052 494 
15234 8423 
4104 15234 
13976 5433 
13976 5433 8698 
7865 1460 4052 7148 13263 
7865 12505 1460 4052 13263 
7787 7148 13263 4052 12505 7865 1460 
7865 7787 7148 
1280 6304 10947 9212 13259 8780 6749 5752 9600 12471 16536 3417 271 11196 14269 4511 
7565 9549 9550 9551 2576 5750 6008 5276 5277 5278 
7565 1377 3323 7877 9705 9549 9550 9551 2576 5750 6008 12982 12507 5276 5277 5278 
13264 14586 11059 11196 1251 
5152 10185 12546 
5152 12546 6979 1251 10185 11059 11196 
6211 12276 14269 14934 
194 2537 2538 4107 2412 8285 4495 2420 5449 6346 
194 10149 6346 4107 2412 4495 2420 11512 8285 
484 13163 244 11573 2852 10938 7355 6719 
12096 9603 2372 2251 14956 6861 3405 13091 8823 6712 16157 9982 
12096 4896 13091 1739 6861 3405 9603 2612 2251 6712 915 16157 9982 
12096 9603 2372 8807 2251 14956 6861 13806 3405 13091 8823 6712 16157 9982 
1247 7727 
9124 7727 
11305 1247 7727 
9376 7580 12083 11740 5190 
11305 7727 
15998 12334 2447 
11205 8038 12487 7532 16143 3855 
13448 14169 4496 5497 5359 
4496 1043 3158 
10552 15832 13172 2400 
6489 7532 11205 8038 3855 
7532 11205 8038 
10032 412 4319 
8038 3855 
10032 11904 412 366 4319 
9832 11348 6615 
871 2826 14503 10951 8847 11698 9307 13694 
14752 130 8771 4226 6018 12080 8946 8195 16404 13922 8375 13595 7231 
1280 4097 10987 11980 6407 75 2957 8974 6671 7440 6317 5959 3907 660 11541 6934 5271 1176 15003 5276 5277 5278 5280 6211 16163 5415 7592 5127 14125 9520 4147 10804 5686 3000 7156 7610 10427 8252 959 14016 5185 16323 11844 2629 14278 12231 9032 3657 4555 10188 9549 9550 9551 11216 11346 16212 10582 3800 13401 10586 7773 2273 3812 10088 3520 10475 16210 2030 7612 2801 5874 9582 12660 5365 758 10615 7565 10815 5013 
4097 6467 5959 2273 8847 14424 
16384 4097 2091 5127 8847 14424 5276 5277 5278 7592 9095 5042 15158 14269 6467 1477 5959 3657 11216 11346 10582 9432 1117 2273 3812 2666 15984 12276 5877 
7704 12994 10915 9460 
10405 16589 13584 11378 15572 9653 6777 11193 6876 2021 
13921 15882 1326 
6304 6441 15499 6227 2868 9402 1691 
10642 412 
13848 8554 3285 6014 8807 
13353 3402 15343 
6304 6441 15499 6227 14132 13402 7966 
1952 16225 3301 14503 7337 2826 13714 2159 786 1047 4666 16477 
7592 5686 
14200 16298 14267 7966 
3736 3076 3741 16374 7607 
14820 13733 16374 7607 3736 3076 3741 
9792 14200 16298 14267 
9792 14208 14267 
9792 16298 6227 14132 14200 14267 7966 
14132 7966 
9792 14208 16298 14132 14267 7966 
16298 14267 14132 7966 
9376 5190 6857 15915 1776 12083 
9376 5844 11740 12213 5190 
11747 5190 4574 871 
7243 7966 
3764 7966 
9792 14208 8558 
6441 15499 7966 
7966 4125 4126 
2689 11208 7178 9870 5013 14101 4344 13401 1530 13851 8285 6741 
3288 11739 2085 
11739 2085 2111 
2689 7178 1196 9870 14101 13402 13851 
2689 678 7178 2221 9870 14101 11994 13851 8285 
7744 13665 16482 11099 8038 2538 13484 952 7925 4344 8095 10794 8094 7967 
10660 4684 6063 14000 15859 8703 
2045 11781 
13976 2045 
7744 13665 16482 8038 10794 952 7967 8094 8095 
7744 13665 16482 10811 5317 8038 10794 15764 7967 8095 
3257 11739 2085 
12001 14310 
10364 1333 
1600 5541 
7744 13665 16482 5317 8038 10794 15764 952 7967 8095 
12225 6504 1227 13806 12530 14676 7477 
3033 10180 1861 871 
12225 6504 12530 7477 10583 1051 13535 
11781 10631 274 13976 1051 8094 9124 10794 11052 9389 7477 15680 3521 6979 8137 6346 7638 7005 13665 16482 1251 10856 12396 366 7792 6504 758 1788 
2499 7149 5190 871 
2537 6346 2538 
5464 11747 5190 871 
11216 7592 4555 10321 13043 
14016 6934 
14016 9212 6934 8110 
10987 15662 5415 
11004 487 
8640 10226 
10226 4891 
2344 16210 5013 1695 
12138 5013 8847 
274 3949 
10473 274 12396 3642 7005 
15680 10473 3642 11052 7005 
14016 992 835 1476 1477 15462 9672 11370 3851 6317 2030 11985 8402 6211 9176 15094 6745 3000 12868 
9376 4161 3907 3684 5686 2273 7178 4957 3683 7235 12660 758 10491 3000 10804 1659 14269 13860 
8288 11680 
5513 5025 14602 2779 8617 
1640 13348 15724 6613 
10708 4756 6884 
6161 3341 2414 15189 
1600 1385 3947 9614 4791 
13418 10636 6446 2086 
712 6720 7626 12951 
10929 3306 11467 1629 
3449 8901 11119 
6504 12530 7477 310 
3456 11119 12530 10803 7477 310 1659 
15680 8864 6504 11052 2826 12396 7477 310 1051 4606 
13665 16482 15304 10794 11980 9582 12949 13946 12029 8095 
13184 290 8829 
76 5996 1599 
4584 5317 12661 
13976 9389 
3288 2826 1338 14503 
15169 9069 5039 1362 14935 9759 
1569 1247 9124 10438 10921 
10921 3301 10438 
15141 10921 10702 1968 15608 3301 
1600 9124 5541 7125 
3257 7125 4142 
10116 7125 4142 
2113 3747 9124 6471 11120 14321 15989 13976 7792 2045 
10856 6346 9124 8698 10631 
9124 11781 15304 8137 9392 13976 13946 
14845 10983 
11762 16043 
10682 14581 8069 
14581 12166 9453 
11145 14581 1247 
1442 12076 3135 
15234 13823 
15234 7478 13823 
366 15662 10751 
10380 366 11718 
10257 12859 366 
16264 5818 12359 
16264 12359 
5818 12359 
6441 15499 14644 15158 
12076 5188 15815 
12076 5188 
12076 3195 5188 
12076 5188 13862 
12076 5188 8693 
12076 5188 14925 
12076 5188 11582 
10938 13163 484 7355 11573 
484 13163 244 11573 2852 10938 7355 9236 6719 
484 13163 244 11573 2852 10938 7355 
3681 11946 119 
3681 11946 13282 
11946 5604 
14552 15357 15199 
15608 10845 10702 
13649 13650 
12882 3774 10799 
13147 8115 
3848 10622 3878 
7496 1686 
230 9095 4072 10028 9870 9583 12496 12401 13402 
12487 6823 8141 9870 6227 13717 14934 13848 13402 11099 
3520 5874 9582 
5127 556 11980 11346 5877 5850 3962 10174 
9549 9550 9551 
7565 1377 7877 1864 9549 9550 9551 2576 12276 12982 6008 3323 5276 5277 5278 
12982 4112 14579 5750 6008 5276 5277 5278 
11844 8807 1864 14506 7565 2576 15441 12982 6008 7005 
2576 12001 14310 12982 
1377 3323 7877 7565 12982 2576 12276 5750 6008 12507 
1377 7877 12982 2576 5750 6008 3323 
14269 14934 9094 
5752 5330 10947 5564 8807 
10947 8807 5330 5752 6745 5564 
5752 5330 10947 8807 
16342 9534 
7371 16342 9534 
16342 9534 10871 
7370 16342 9534 
4611 11003 11772 5646 
3562 11003 11772 
11003 15062 5646 
2954 4611 2154 
1248 11129 5204 11054 
14070 10807 
16505 13340 1900 
13032 11009 6294 
16435 12575 
985 2666 11493 
3144 8163 7124 15141 
11146 1244 2261 15141 
13032 11003 15141 
13213 15141 1247 
1146 7124 
12057 3157 
12057 12202 3157 
12750 12751 
14560 13124 1453 5805 9872 11122 
3402 6222 15343 
2400 13122 13803 4052 13263 
9624 2966 3662 
13528 9624 2966 
12057 14651 
15173 551 
2585 3047 
10584 16282 
10584 12549 
1977 14587 
10554 8555 
4562 5397 
345 10234 
14976 13868 
512 14976 11820 13868 
512 14976 9891 13868 4503 
9668 13038 
16184 5457 740 5790 6177 
16184 5457 5790 6177 
9891 669 4503 
9891 4503 
669 4503 
9891 7878 10929 4503 16184 669 
11624 3898 3429 
9891 3204 15157 4503 
9891 15157 4503 
9891 2462 
528 10684 8847 
8083 3621 9701 
3026 6307 
8192 15915 
4304 2650 1636 
6688 12379 
12379 15591 
549 4527 
8834 11747 5190 
10011 11740 
9376 8337 11740 5190 
2976 3745 11685 902 2888 3274 1808 7845 
2976 3745 11685 902 2888 3274 1808 14730 7845 
14403 10180 3974 15304 14828 107 2092 10511 13946 9755 
871 15921 11747 5190 193 
193 11747 15141 5190 871 
5786 11747 5190 871 
11747 5190 7822 871 
3336 14105 13004 15233 
3336 14105 7860 15233 
3336 14105 9868 15233 
4104 1098 2283 2277 8423 
4104 2283 2277 8423 
4104 11305 2283 2277 8423 
2277 8422 8423 4104 2283 13906 
13131 15652 9749 
371 13132 
13132 15652 3262 
5152 10185 12546 8582 7617 
7617 8582 8807 
6508 8582 9614 16263 
6508 8582 16263 
6304 14533 15375 6227 2868 6846 
6304 6227 2868 6846 
13204 15597 8942 
4099 1383 844 3764 4279 5726 
3764 5726 
14730 3683 3764 8397 14285 
9089 3683 14285 
3152 10499 3764 
9888 2538 
194 2537 2538 4107 5449 11512 
194 15081 2537 4107 2420 5449 8029 
13874 12709 
9888 8358 
3744 13193 5731 
5731 10396 
9411 2190 12487 
11266 11212 12487 
7552 4567 
5896 6076 14428 
514 3085 16221 
12905 14843 1413 
9948 2621 
10312 9948 
13632 12487 15623 3246 8847 9712 15411 788 11703 
3339 9517 
12873 3339 
16444 6204 15757 14446 2839 
16444 6204 1341 14446 15757 
6204 3798 14446 
6204 9790 14446 
6204 15757 14446 
6204 14446 
14305 5627 1147 2215 
5627 7230 12950 
5627 7230 7902 
1443 7230 5627 
5627 7230 8575 
5627 6142 7230 
5627 7230 
4261 9790 
5627 8575 
14192 5627 9149 
5627 9149 
5627 1446 
8874 5627 
16505 5627 
5408 5627 
5627 950 
5627 9460 
9833 5627 
10396 4261 
9668 9149 
1272 1552 10396 4261 
1272 1552 1446 
1272 1552 
1272 2240 2575 
1272 3798 14942 
1272 14942 1311 
1272 14942 
1272 13409 4897 
1272 13409 1636 
1272 13409 3798 
1272 13409 8943 
1272 13409 
1272 6204 3798 
1272 6204 
1272 3127 4567 
1272 16355 13340 
1272 13340 
1272 6940 13340 
1272 7019 13340 
1272 1572 13340 
1272 627 13340 
1272 13340 9149 
1272 13340 1636 
1272 13340 8943 
1272 13340 13972 
1272 9149 12342 
1272 14681 12342 
1272 16363 12342 
1272 12342 
1272 3816 16363 
1272 3816 4692 
1272 5627 
1272 6204 6142 
1272 70 
1272 1443 
1272 1572 
1272 1446 
1272 13708 
1272 16285 
1432 6267 9460 
7049 6267 9460 
792 6267 
793 6267 10086 7049 
793 6267 
5218 9668 3914 2462 
10682 9668 7799 
14408 14409 2036 7301 
14944 5218 7049 3914 13042 14409 6267 
320 13111 
11580 13111 
292 13140 
14408 1323 16083 
12994 8948 13942 
5218 11107 1125 2984 7049 13042 10046 
2984 7049 13042 
2984 7049 13042 8948 
2984 13042 2843 8450 
8450 7021 16535 
10086 13791 
7049 13042 9460 
14944 2984 11107 1125 
10592 5218 1125 7301 
15892 5525 
7049 2843 9790 910 
2843 2836 8237 9790 
7697 2843 5525 9790 
13629 12319 
996 585 13262 11832 13629 12319 
5218 10861 10046 
15625 5218 13516 14945 
14945 8237 
13474 13436 7222 
5097 8237 7222 
15186 13436 7222 
8424 4021 4022 16341 
9832 7241 10557 
11680 9832 
8130 1251 8807 16341 13848 6014 
8130 8143 13906 14227 1429 2203 6014 1151 
13906 8130 6014 1151 
8130 1133 6014 
8554 8130 6014 
8130 10986 6014 
8130 13018 6014 
6665 13402 13975 
6665 13975 16085 15198 1151 
12221 15198 
3681 3487 
6981 8807 16200 9747 1247 4735 
8130 8807 16200 6665 9805 1247 4344 9747 10456 10969 4735 6014 1151 
8288 6981 6095 
11145 1247 
6489 8011 14845 
4670 894 
8011 4670 
6489 4666 3855 8289 
6489 4666 
7329 7279 13976 11258 2462 4735 
6240 14730 2462 
11680 14730 
14730 12709 
16034 1987 5191 11273 14506 8807 9966 16035 4341 14247 13806 8538 15067 16476 1834 5319 15253 
16034 1987 8582 5191 11273 1834 8807 9966 16035 14247 13806 15067 15253 
14305 7383 
1968 985 6490 15141 
985 6490 
985 2462 12905 
985 2462 
1968 2092 
1968 15141 9583 
1968 12709 15141 
1968 888 11680 15141 
1968 985 15141 
3656 3881 4435 
3656 9497 8758 
10011 11747 
2976 11747 11748 5190 871 10986 1808 11739 
10929 3306 11467 
16435 4078 
16352 10656 5994 10387 
10656 5994 10387 
8864 9124 12709 3429 6504 8137 6346 8878 8847 12530 13717 7638 10583 13976 8409 8636 7178 11781 
2868 15375 
193 11747 7878 871 
11779 11747 7878 871 
16505 492 7230 
9891 6981 15157 4503 9693 2949 
9693 8516 2949 6981 
6504 12530 10260 7477 14759 
6504 8864 12530 7477 14759 
1451 14470 9182 
1451 9182 7343 
484 13163 844 3764 11573 4279 2852 10938 7355 5726 6719 
13868 13038 
5169 13868 
14976 865 13868 13038 12935 
14976 13868 9893 
1968 7105 16563 15141 
1280 5127 392 9613 2070 5276 5277 5278 4520 556 5170 15989 3520 11844 3657 11980 9549 9550 9551 11216 8402 14421 3417 5850 2910 8806 11346 9582 5874 5877 7565 3962 15739 
10953 15981 
2375 5196 7565 9550 9549 9551 5276 
12920 12166 12935 
1968 11680 15141 
1968 10557 15141 
1968 7413 15141 
1569 5039 
6304 6441 15499 6227 14132 14267 7966 
6204 14446 1311 
12482 11747 962 871 
871 962 11635 11747 
13851 6846 13270 
11122 6846 13270 
6227 8582 
5152 7617 8582 
11513 7617 8582 13551 
7617 16263 8582 13551 
7617 8582 12023 
76 3108 5996 
76 3108 5996 1599 
2277 8423 4104 11305 1098 2283 
2326 7383 
15410 6436 
3362 6436 
3418 6436 
2277 8423 4104 9801 1098 2283 9622 
9801 9622 
4280 14105 3336 15233 
4581 8582 
8538 1834 13806 
15141 8582 
13976 9124 8582 
6304 7617 8582 9185 16263 6227 2868 12023 
7617 677 8582 9185 14285 12023 
7617 2612 8582 
2432 8582 16263 
11576 8582 
9832 14730 
7617 1668 8582 
7617 9348 8582 
8397 8582 
8582 11273 13454 13455 13806 9628 16034 16035 14247 14506 5319 1987 5191 8780 8399 271 15703 15067 16476 7005 10340 9702 8807 9966 1834 15253 
3704 5627 
13665 15141 11146 2092 1968 6981 10811 10794 8095 
11146 2092 15141 
7592 4555 
1968 11146 15141 
6306 9411 3820 8847 1653 11576 
3257 3554 
13032 3257 14730 9908 
13032 14730 9908 
5627 8943 
6161 11055 3341 15189 
10816 6161 3341 15189 
5627 1380 
1272 1552 1380 4261 
9124 11781 12391 8137 6346 11211 7638 13976 8409 858 10655 1221 
13665 16482 10794 8038 
1272 1552 610 
2500 11717 8038 4142 3855 3664 14 2009 16143 11205 
10704 2500 11717 8038 7532 4142 3855 3664 14 15189 2009 16143 10076 11205 
6161 15189 2414 965 
11448 8971 8315 15189 965 
8554 5131 
9149 1311 
13906 8130 6014 
7697 5525 9790 
871 11779 11747 
193 11747 5190 871 
1552 16363 
4228 1253 5926 520 12144 7573 8568 
1272 5627 8575 
4228 5926 38 37 
10969 9747 9805 
14944 13042 
13042 8948 
492 9149 
520 11253 7573 
520 4228 11253 7573 
520 4228 10212 11253 7573 
4228 1253 520 815 7573 9685 8568 10212 16286 11253 
4228 1253 520 815 12144 7573 9685 8568 10212 16286 11253 
1253 16286 815 
10969 9747 
6049 9747 
8450 11107 14102 1615 
8450 2843 1615 
9392 9747 12660 
2984 8450 
8450 11107 
12430 10209 10210 10923 15430 3721 13771 10924 15278 9456 4433 2531 11438 12144 7095 11957 
6441 15499 4927 
11584 4228 37 38 520 1485 10926 4434 9685 11510 8568 
15968 12449 10212 1253 262 8744 1995 815 12816 8184 11253 3640 2362 16187 16286 7573 
2432 4233 6049 
14944 13042 5218 11107 1125 
2432 6049 16263 
6049 9747 16263 
2432 6049 9747 16263 
5745 15226 15315 13038 5926 
5745 7573 1789 
4228 5926 13038 5745 15315 11510 
5745 7573 5926 
4228 5926 
10969 5218 5525 
152 9747 14503 
10969 9747 4927 
10969 4927 
12449 1253 520 1995 10924 815 4434 11253 3640 16187 16286 
2984 11107 1125 5525 
7049 11107 1125 
13042 11107 
11145 6981 
11145 2135 11655 
2984 16299 1125 
2984 1125 10046 
14409 3914 3297 
2984 16299 
15529 15813 5454 
13032 15141 
1272 14474 
1272 14593 
15608 10921 15141 10702 3301 
13528 2966 
4611 5646 
15062 5646 
11003 11772 15062 5646 
11048 13032 12538 11493 
13032 12057 11493 
12057 4684 3157 9935 
15680 11052 10473 12396 274 8553 3642 7005 15871 
15680 8553 274 11052 3642 
12057 4634 3157 
12057 3157 10549 
11747 5190 871 11720 10986 14552 15357 15199 
11772 2215 
11003 11772 2215 
11003 11772 
11624 3449 8901 5967 
3154 6748 
2035 14004 
1272 2575 
11720 10986 11747 5190 871 
1968 10161 11146 
10161 11146 
9889 3107 5509 1478 3815 9351 8493 3792 3763 15736 16089 
11001 14587 14588 
13946 8691 9124 11781 
16184 5457 3362 1238 4927 
6177 4927 
13976 6346 9124 11781 7638 
4666 15622 
13976 9124 11781 
13976 11781 15622 
10760 522 15191 13332 13848 6688 33 11810 11811 11812 15397 15398 40 41 43 55 1596 10302 9793 16450 7235 6724 6727 9802 9803 4684 15441 10339 16472 11364 4703 96 1123 100 2668 1145 3205 5255 137 9870 10251 7321 14000 1714 11443 9400 8889 8890 13500 702 6336 11809 12498 9428 6358 4863 1280 4359 11016 12576 13611 4911 12094 992 2387 2391 3417 10586 362 1899 1903 4467 9094 6721 8589 3480 14235 14236 14238 10660 10150 15789 14772 3000 12729 14784 1476 1477 7116 16333 15834 11743 10720 16353 6116 2030 15858 10739 13302 1020 
9672 9176 
1272 5339 
16482 9702 8807 6665 15198 16476 8094 
8288 16482 6981 8807 6665 15198 
8288 16482 6981 8807 
13665 16482 8038 10794 952 8703 8095 
13665 16482 10794 6665 9702 8807 8649 14506 16476 15198 15703 2299 9628 7005 8094 7967 
7744 13665 16482 9702 8038 6665 10794 15198 7967 
8288 16482 6981 9702 8807 6665 14506 13454 271 15198 16476 8094 8095 
13665 16482 9702 6665 10794 11258 16476 15198 
2277 8423 4104 9801 1098 2283 14989 9622 
14140 5026 6308 13666 2102 
3456 12294 6504 7081 1901 8590 11119 12530 4563 15669 310 7477 
13848 9672 
9672 1476 
1476 990 
14016 6211 1476 13848 9672 11370 15441 13401 3000 12868 7178 
3681 11946 
11946 198 
3681 119 
5604 119 
198 119 
4218 3719 
4218 4499 
8948 13042 6204 14446 
4499 1300 
13393 5750 
13393 7820 
2902 6441 15499 15441 14644 15158 
2240 5627 
1272 10381 
15328 5627 5316 
1272 8575 
1272 1552 8575 
3704 5627 7230 
7565 9550 5750 6008 5276 5277 5278 
5753 3362 6823 
6826 1238 
5753 3362 
6824 6823 
5449 6823 
9182 15954 14470 13830 
15441 3866 801 
5218 10158 
6823 9870 6227 13717 14934 13848 13402 11099 
8288 9668 6981 8807 5449 4623 14934 13402 8285 
8801 8101 
8288 9668 13430 8807 4623 14934 13402 6981 
9124 11781 6823 6346 2961 9908 
2961 6823 
9977 4202 
897 10346 14332 
756 6822 
11493 15437 
9392 9747 9124 
66 4659 
7552 3820 4567 
7552 3820 
7552 3343 
11163 172 7422 
14353 6823 
11048 12057 11493 13032 
9124 11781 9392 14353 13976 8636 
13032 3257 
13032 3257 14730 
6240 10113 14730 
7049 6267 
6010 941 
13203 7387 
11553 6508 
10592 7301 
10592 13042 
7241 151 
7241 2025 
7241 11553 
11553 151 
2025 11553 
2025 2235 
1968 8691 8692 
11146 8691 
8691 15141 
1968 8691 
11146 8691 13946 
13946 8691 15141 
1968 13946 8691 
13184 290 8829 5063 
290 8829 
13184 290 
7369 16342 9534 
8069 6014 
7672 3869 
1968 10161 5426 11146 
1968 10161 5426 9124 11146 
11401 13650 13649 
15536 9392 9124 11781 
1600 9124 8095 
15954 1451 756 14470 9182 
6008 2576 5750 12982 7877 
2576 7877 12982 
1377 3323 12507 
6008 7877 5750 
3056 8737 5268 12190 
3056 8737 5268 
3056 5268 
11434 12190 
4162 7581 1430 
11434 12190 4162 7581 1430 
3056 8737 11434 5268 12190 
13851 15441 15499 
11620 5130 8516 
5098 13725 3774 
9460 13725 3774 
14588 5999 
1977 14588 5999 
10703 10486 8887 
1968 11146 8691 
1968 8691 15141 
11146 6981 
6981 15141 
1968 11146 6981 
1968 6981 15141 
11005 6695 
11321 12379 
11321 8101 
1600 9124 
3371 5541 3301 
6256 10849 
8691 9124 11781 15141 
4611 8692 15141 
9624 2966 3662 10902 
1988 14646 
15193 11794 
10371 10590 
15915 15157 15342 
11747 5190 871 
6441 7243 15499 
11493 16117 
11493 11495 
7344 11048 13032 11342 
3429 6959 
10876 14254 
3000 9059 
5912 3087 13142 5567 
5912 3087 5539 13142 5567 
5912 13142 3087 
5912 3089 13142 
5912 3089 3087 13142 5567 
4192 6917 7615 
4192 15859 6917 7615 
13184 16506 16231 
11576 1897 15694 
8904 11576 15694 
11576 8674 15694 
11576 8674 838 
8674 838 9096 15694 11576 8062 
1600 10702 
11946 198 119 
11946 13282 198 119 
14312 11946 5604 
1569 9124 10438 10921 10702 7125 
1569 9124 10438 10921 10702 1247 
15608 5541 10845 
1600 13525 
12553 9583 
9870 9583 
15608 10702 15199 
10702 10438 
2001 15173 6974 
6441 15499 15158 6846 
9668 11493 9905 3914 492 9912 7124 16505 3127 6584 15193 
9288 1241 3332 
6441 13402 15499 15158 11119 
417 1476 1477 5793 6441 15499 15158 
7744 9124 6293 8094 11781 
9072 613 
9145 7410 8444 
6177 9891 740 230 1702 13417 9130 7878 5457 15157 16184 5790 
9891 740 7814 14381 4574 4503 16184 669 5790 15157 
3456 6504 1227 8590 11119 12530 14676 15669 7550 7477 
193 9891 740 3365 871 4296 14665 2090 1839 11747 16184 5790 
6304 8590 6227 3764 13270 2868 
1732 6981 11846 
3363 3429 10984 6985 10538 15179 9072 11624 3026 8083 13717 14314 9081 3289 3898 11293 
8995 8616 526 527 15543 9662 
5169 2535 11367 
3135 1178 14755 15234 12813 
3429 11367 11624 8618 13355 5169 12663 3898 
14346 8301 16150 
12920 1289 12935 
16184 9891 12654 1702 4790 
3145 13001 6113 
5994 10387 
10656 10387 
8584 6113 13001 
16184 740 7198 1702 
4099 4279 1383 
9891 740 7878 1702 9130 14284 16184 5457 15157 759 600 5790 
6441 15499 4279 13270 1383 
6177 9891 740 7878 1702 936 13417 7116 11016 5457 15157 16184 100 10298 5790 
11779 16264 4498 4503 5790 16034 9891 1318 6829 10030 3760 15157 16184 5191 8908 15054 5457 15950 3287 11747 740 871 13417 12654 
11624 12913 3898 3429 4503 
7243 6441 13402 15499 
10928 337 
11122 1453 
5777 10306 15589 3909 
10857 15847 6207 
12577 15499 6119 13768 6441 13131 
5889 12138 13915 2379 
4536 2666 1247 11493 1863 
2666 11493 1247 
2666 11493 
2666 11493 6981 
9891 100 3429 11624 522 4503 7116 11016 15157 6116 10660 3898 669 14238 
12633 6658 10308 14663 
13731 3429 12166 12935 11624 7831 12920 3898 
13731 3429 11624 1839 10167 3898 
12633 10308 14663 
12633 15902 2007 
5315 11495 
5128 1419 2007 
5128 7216 2007 
14890 15899 8989 
7124 11493 
492 3914 9668 
3672 8804 14773 6390 6749 
8804 6749 14773 
11624 13417 3898 9891 13731 
9891 3429 11624 13417 8618 15148 6147 15157 3898 7963 
7617 14730 15499 
16482 8095 
9506 7412 7386 
16505 2453 494 
11720 7124 
10986 7124 
6240 14730 4927 
4912 3297 
4912 2232 
4912 3297 4634 
4912 14409 3297 
8408 8901 
7897 1035 9860 
3000 16476 8807 
16232 5720 
5713 16556 
12204 1670 
8288 4554 7709 
13073 1247 
3449 8901 5967 
8901 4359 5967 15064 3449 15996 
4359 3723 13332 14235 14236 3449 4003 11812 40 41 13611 15789 1714 9793 16450 7116 11811 15191 15064 10339 1903 5255 4467 1145 15996 
15915 2007 
139 12861 
33 15226 16210 9351 
2826 2873 13717 13850 1051 11052 7477 3641 15680 11205 13638 14817 458 2768 10583 16225 7779 14824 8553 12396 9711 6504 12530 7031 9208 9853 4606 
15450 235 
12441 4026 
4026 235 
11241 22 2612 8397 8582 
8444 14557 
11177 9386 13717 485 
15304 10395 
16339 133 
14409 2036 
9032 7592 10987 4275 11735 
4743 13832 2956 11410 1429 13975 8344 2203 11248 935 11306 12997 9545 8143 2000 2260 16085 4954 8027 9702 14313 1898 2173 6128 12794 14973 1151 
9545 8027 2173 
16184 5457 
16184 5457 8516 
16184 5457 7878 
16184 9130 740 
16184 13417 740 
16184 740 7878 
512 11820 11909 
16184 3883 7878 
14660 7870 15263 
11794 5643 13134 
11794 5643 
6615 11348 4927 
3288 12224 2355 14503 
3288 1338 2355 
11348 6615 
9142 6959 
5169 14298 
5169 13082 14298 10215 
9048 3562 4203 
9048 4066 3562 
5169 10215 
5169 11820 10215 
7020 3775 
7020 646 
9616 11305 7020 646 
11305 16091 7020 646 
6160 11305 7020 646 
7020 3444 646 
3200 7020 646 
14552 10845 
7020 10845 
10549 9567 
14552 7020 10845 
14552 15199 
10592 10825 6508 8069 7335 
800 6981 
5310 11439 
3890 5396 12141 8069 
11900 5396 8069 
8707 11719 6346 3467 6158 5615 15608 
6346 8707 3467 6158 5615 
8707 10438 6346 3467 6158 5615 10702 
12487 8713 16013 11246 8883 1366 7987 10110 
8713 5818 7987 12487 
8713 5818 12487 
12487 8713 12401 7987 16346 5818 
11347 9124 12487 15304 8713 16013 11987 5449 15608 
1600 3108 10438 12391 5449 76 15859 12401 11987 8713 3000 5818 4447 16346 1599 
548 12391 8713 10538 11083 5645 5278 16346 3026 11347 5365 5815 3898 1530 12487 10815 
4743 8713 9124 10794 7987 5818 10438 12487 15304 5449 1227 16346 4447 13665 16482 1788 14828 2045 15608 8698 9980 12029 
5718 8713 916 535 8473 5278 548 12849 3000 5818 10815 1476 10438 12487 3026 11987 3157 11734 16346 11357 367 9072 15859 
13282 3429 3695 
14651 3525 9790 
6847 14983 
7020 6847 
11689 11090 10381 
11689 10381 1166 
11689 13197 10381 
11689 10381 16278 
7603 2614 
8765 10381 
10381 10485 8765 
10888 2722 
13685 15767 
1600 4115 
11090 10381 
13197 10381 
13685 10381 
11090 1235 
3152 8397 
11576 13559 5543 
9155 9389 
9155 9124 7125 894 
7049 7446 
492 7230 
13196 9668 7049 
12547 13902 
12547 3429 
12547 12379 3429 
792 7049 6267 
793 6267 7049 
9 10 4933 7005 
14474 10381 
14474 1235 
1235 13708 
13708 10381 
11003 11772 15141 
12487 7005 8807 
1235 16367 
74 11090 10381 
512 7560 1511 
13752 9451 1863 
13752 9451 
11090 5026 
5026 1166 
5026 13197 
5026 16278 
11090 7245 4406 
2520 7114 
9600 11493 14871 
512 7560 11820 
512 7560 11820 11909 
4472 9820 
512 11820 
4826 15732 3509 
14730 9142 
14730 1511 
15851 10364 1333 
14338 5223 
15157 4503 
9891 15157 
15227 4725 9238 
15227 9238 
9386 4725 
5660 7382 
11624 3898 
11820 15770 7388 
512 15770 11820 11909 
15770 11820 11909 
2769 2462 13902 
9124 1174 12815 
1992 3145 3026 9235 
3145 3026 3135 
5889 8466 16393 15234 13823 
1992 3145 3026 2516 3135 
10984 1992 3135 
3145 2516 3135 
1992 3145 2516 
3135 10799 
1992 3135 
11136 3135 
1992 11136 
11136 9668 3135 
15954 1451 9182 14470 10111 
11624 311 
15819 3085 
865 15981 
9386 9460 3869 
8847 13517 4566 311 
1117 1862 11046 373 
1117 1113 1862 11046 373 
4282 8645 
4282 14791 
15458 8847 13308 311 
2403 502 5927 
4218 15150 
4282 5117 
12709 2462 
8761 2462 
12905 2462 
13043 4021 4023 
4021 4023 
2313 4874 3131 
4581 494 8655 
11377 1772 8150 
13689 1772 
761 6306 1275 
5098 12451 7603 10997 
736 609 8130 14659 5317 4584 15406 3476 13598 11831 6014 
15920 13647 
15920 15516 13647 
15920 15516 
12401 7615 
744 985 
16048 4707 
7543 16079 
5993 14827 
1106 10462 
12440 11162 
12440 11162 2887 
7016 1771 15438 9774 9599 
13632 13823 
5792 12008 
5698 8847 
5698 485 
1771 13262 
585 1771 
11832 1771 
10112 1771 
13262 9599 
10112 9599 
13262 9774 
10112 9774 
13262 15438 
585 15438 
10112 15438 
6240 10449 3257 
12162 6786 10032 5271 5912 412 
8674 3076 838 6026 15694 3736 11576 3741 
425 5275 7645 
11538 1763 2502 
12987 4885 
10449 4115 7996 
13376 6330 
8337 3262 
7324 10030 366 
10257 10030 
10257 366 
130 10075 
1463 7231 
130 1463 10075 7231 
11347 10685 4447 
11347 4447 
5449 194 2412 4477 8285 
1672 7917 6975 
5281 6975 10503 
5281 7917 6975 
704 1623 
13823 839 
9132 15084 16045 12174 13586 16024 
10345 12789 9529 12570 9819 3421 853 
14409 3914 10549 3073 
10345 12789 853 3421 
12570 9819 
14738 14662 
7152 14738 14662 
8694 14367 
13504 2977 9627 3254 11976 16010 6636 12936 3380 1662 6166 10839 6043 8251 533 
2977 9627 11976 6636 8251 3380 533 6166 6043 1662 
12936 13504 16010 3254 10839 
10876 15770 11820 
9460 9668 7799 
8521 5754 14042 
14753 15234 
15234 15317 13823 
12712 15234 13823 
5097 13474 13436 
15529 13179 15813 
16584 622 10790 
6240 10449 5185 
10449 14730 5185 
3792 3763 1478 
11624 10801 4890 
3259 14695 
15276 9701 557 
14305 5627 16285 
11425 137 13484 9389 11346 4275 3796 1596 
3339 5982 11335 
4679 1412 11335 
11335 1412 1559 
4679 1413 11335 
11335 1413 1559 
6489 3019 14525 
11493 6885 
11545 15813 606 
11545 606 
11523 6341 
13608 1323 16083 
347 8051 11435 
14672 5897 6682 5328 4423 
14672 4423 5897 11435 5328 8051 6682 347 
6979 15580 8807 
4819 10799 
8665 9461 12029 
4987 8756 10701 
3289 8756 10701 
6256 15157 373 
8050 12446 15959 
2513 8050 15959 
8050 15959 12446 9367 
10224 14690 11739 
985 6490 11317 
12771 6118 1862 13609 3854 1551 9006 2953 248 13205 7519 
12363 9124 
3922 11887 
9072 7188 13517 
13976 12363 
15304 12363 
8704 1986 452 16295 4652 6457 16542 
2089 3946 9819 
1851 4740 591 8627 13461 853 8631 12571 6622 15903 
11048 4574 
7680 9698 8772 16294 425 8523 7090 13749 14393 5275 7645 
4066 5629 9694 
4723 8948 2462 
6256 13148 10997 
2524 13852 12565 
8772 16294 425 13749 14393 5275 7645 
15560 4387 15734 1639 
15684 12260 16447 
13184 8829 15325 
5449 8285 3657 1599 
13184 829 15325 
16209 11493 11030 
14690 11739 
14663 10308 14821 1029 
756 11493 11671 
6752 14204 
112 579 
3335 16118 3295 
15921 9763 149 5543 
15833 12379 10645 494 
7412 12166 1806 
872 6752 4898 
15833 1811 3205 2369 15895 
9376 14545 13860 16245 
9376 193 12644 11740 
15833 7412 
14344 6267 
9089 10043 10788 
10195 10861 
6434 11053 
14730 7020 13282 
3851 9623 8947 11790 12695 
11425 137 13484 9389 11346 4275 3796 14616 1596 
11122 13124 1453 1703 
11305 1098 9622 1950 1703 
762 14723 4893 7341 
4601 8987 4351 
14897 13314 8323 1196 7223 
241 15499 6441 
5816 14872 5094 
458 8414 
1225 386 350 12769 
3634 14651 
12769 350 6735 
12769 9941 350 6735 
1093 3306 11467 10929 4242 1629 
11493 3478 
7125 11493 
4731 11493 2526 
4424 11493 
7477 12530 310 8590 4303 
16505 4919 1900 3103 
110 2414 
13032 8041 11493 
9891 4503 12166 10215 8521 12935 1966 5169 9123 15157 759 12920 13082 16252 14042 
9888 7125 12029 
5169 13082 9123 16252 10215 
9600 28 
11048 13032 3234 
1247 12061 11493 
11493 6998 
7124 11493 11431 
1564 8701 
2666 11493 2655 
13978 12204 
2616 1564 
16016 13976 9124 2072 
15819 2493 3085 
8060 10676 
3914 8267 110 
996 585 9837 13262 4015 3678 
10112 996 585 13262 11832 3678 
13258 9380 
5192 12076 5188 
12076 5188 14265 
12076 5188 10574 
3808 4298 2109 
3593 2109 3905 
10683 404 8847 
5537 3429 8847 
3429 10277 
667 13999 
13709 13999 
16234 9277 12791 
16234 8395 
5584 15601 6765 
4536 5097 
3416 4385 
512 9123 11820 
7577 611 5015 
15295 15502 4431 
11226 11229 11230 
8596 8598 2038 
13976 2072 9124 
9888 8011 
9888 894 
11553 742 
11696 15540 11295 
11696 14214 
11696 13427 
16371 7759 
8016 3770 11271 
6065 8277 11702 5689 5337 6298 12125 
5353 5502 
6203 3182 
8824 14138 15910 
14275 2707 16234 11389 2644 11217 16594 15315 1780 1525 12791 7065 11868 9277 
9124 8636 11781 10637 
9124 11781 10438 10637 15608 8636 
13393 4499 
13393 4499 806 8683 
8837 2230 
2863 5823 
6504 12530 1051 7477 
450 4499 
11104 584 9271 11249 
12225 6504 11817 1227 12530 8878 10962 7477 310 10583 
3456 6504 1227 8590 11119 12530 15669 7550 7477 
12225 6504 1227 8878 12530 7477 10583 1051 
11104 584 3283 9271 
6504 1227 8590 11119 12530 15669 310 7550 7477 
192 6693 7398 3697 2652 1709 175 3749 316 10266 14139 9532 3615 
8864 14759 6504 1227 10962 8878 12530 7477 10583 
14561 14759 6504 1227 8716 12530 8878 10962 10260 7477 10583 
9216 4721 6988 997 9142 
1648 6730 11398 6149 2318 
4148 15078 11815 
7792 2761 
5923 12050 4443 14900 2959 
2976 9376 2888 4371 12083 
15123 14796 
5923 14796 2959 12050 15123 14900 4443 
12633 14663 10308 2007 
9376 4371 11740 
9376 6824 12083 
9376 11348 11740 
6504 9376 11740 
8152 9376 12083 
9376 11740 7477 
9376 11740 12878 
9376 7610 11740 
9376 4496 11740 
9376 1994 12083 
8683 1789 14095 
8683 3719 2603 6093 7954 1789 
7954 8683 3719 
14944 9948 9444 
14944 9948 8445 
8516 2462 1247 
14944 9948 12662 
14944 9948 
5322 10238 
5322 12994 
1312 16564 
10030 1142 15318 
1312 16564 13134 
3898 3429 13134 
8473 11146 
11901 1879 
16564 11901 1879 
1312 16564 1879 
1312 10028 2614 
15229 4614 
1163 15229 
12688 3377 
11931 14533 941 7793 2008 6010 12379 
3377 8932 
11576 12880 8995 
8164 12582 
11304 11295 
11304 7227 
297 10451 396 
10451 396 
868 16447 
8164 15229 
7344 12249 
2977 8164 
11304 11696 
11304 8430 
11304 215 
5840 12612 
7866 5762 
9376 11740 6823 
11304 6831 
9376 6825 12083 
11304 1947 
5080 11304 7227 
6256 11304 
5080 11304 
7656 11304 
11304 6595 
11304 4429 
9387 14172 3445 2790 7957 
7084 7716 8053 
11304 15540 
15224 7849 
7716 5190 14730 7084 7149 9390 8053 
8706 11524 
9387 14172 
9387 7957 
9387 3445 
2212 9942 
6928 14089 16098 3235 3455 
14871 16367 
6337 14918 7049 
5541 3301 
14552 14085 5541 3301 
11680 6981 
14554 3429 
3914 9948 4581 
5389 4054 
10779 4054 
9773 4054 
11875 2526 
8267 3127 
9529 12570 9819 3421 3127 
330 14130 4494 5074 3956 7774 
7084 8570 7716 8053 
11304 14214 
16048 2633 
16048 13477 
11304 13427 
15540 16093 
7938 12779 1630 
10788 4100 
9946 13188 11622 
3047 13709 13999 
13169 9761 
14130 3956 4494 7774 
7675 941 15631 
4665 7675 941 
941 15631 
4665 941 
4289 12643 10885 376 11944 13194 3883 2640 6673 5923 1492 3222 16183 13112 4443 
12092 354 1580 
8289 16136 13225 12395 3855 7088 7153 8886 
14185 3681 2135 
15680 8289 13225 7153 16136 2060 12395 6124 2792 3855 7088 7089 274 5939 8886 3159 12476 11463 11775 
11944 3883 11748 
4289 12643 10885 376 11944 13194 3883 2640 6673 1492 3222 16183 13112 
1968 9377 11146 
9377 4954 
1968 9377 15141 
8041 9377 
8288 9377 1303 1247 
14860 14830 
8041 11493 1303 
14176 8289 11814 14087 6504 810 11463 812 7088 4349 
11944 12643 11747 
11944 11739 12643 
7386 110 
9377 1639 
15680 8289 7153 16136 13225 12391 2060 2792 3855 7088 7089 274 3957 8886 3159 12476 4541 11463 12671 
14176 8289 12166 11814 14087 6504 812 810 11463 4620 4349 7088 5564 1597 
8996 2716 
6306 8040 8777 14796 12050 560 4050 13203 14900 11927 15123 6234 733 14847 
9977 733 
9072 9377 
11875 11493 
4387 5692 110 16311 
6522 2325 
6522 2746 
16252 8579 12316 
10796 3254 
7889 11875 
7889 15295 
8040 733 
6306 733 
7577 733 
733 16310 
4740 591 
11899 733 16310 
10896 4066 8702 
1659 4684 5823 
10792 1205 
11624 14449 
11899 733 
7972 1205 
1205 8574 
14728 14449 
4378 11679 
2863 1659 5823 
14010 4684 10949 
1659 5823 10949 2863 
667 13709 11030 
7052 11679 
14769 5062 
5062 12814 
11081 12814 
11081 15051 
12905 6319 
256 14105 3336 15233 
10896 3157 
10896 15179 
10896 3343 
256 9185 
3336 15233 13510 
3336 12210 13510 
7849 7620 
11748 14084 
11305 7308 11156 7309 
10308 14084 14663 
5097 9175 
8169 9484 9175 
6786 4612 5415 10987 3118 5271 
8267 8646 
1268 8646 
14672 4423 4232 5897 11435 5328 6682 347 
4232 7185 10843 13773 
13436 8237 7222 
12371 1796 
3808 14177 6472 4298 845 6808 2229 8312 2109 
14776 16501 
16501 6823 
6825 16501 
13976 16501 
13216 1843 4646 
1843 4919 1900 3103 
8747 12677 13118 
2769 8098 13758 
1855 5644 9719 
9694 9719 
7603 9694 
7603 8702 
9460 8702 7247 
9089 8702 
7070 8702 9719 
5629 9694 13415 
5629 1806 
4595 1806 
10086 14446 61 
8584 7021 1142 61 
8584 15850 7021 1142 
8584 7021 1142 12351 
8584 7021 1142 12607 
10226 61 
15379 5188 4723 8059 
13572 11739 348 
8050 6988 12446 10862 
14972 6103 7839 2887 
13147 7839 14972 4261 6103 
45 4262 
11731 879 
9168 11173 2399 
9168 2399 
11173 2399 
10419 2645 
11498 10419 2645 
6886 1143 
8531 9252 
9252 6886 
6688 15441 9802 8045 10232 16210 3000 15834 702 
5218 13939 5525 
12913 4818 982 
6504 12530 7477 982 
9832 12913 
1104 12913 
4762 13799 7055 
6504 12530 1227 7477 
6504 12530 7477 
6504 12530 1051 7477 1227 
2520 9138 7114 8703 
9138 8703 
14824 9440 7779 14817 2873 
9440 14817 7779 14824 2873 12603 
762 14723 4893 
14824 9440 2873 
10360 9223 6063 13613 8703 
4928 4897 11714 9571 838 5128 10761 7178 9096 4148 8278 5172 8062 
8176 9122 14908 9662 
13689 12154 13067 
9059 13707 1047 
13714 9059 13707 
8904 15721 4148 
4872 8904 10707 
8904 13689 8278 
9376 11740 5190 16215 
11713 1905 
2852 13163 484 244 11573 12409 10938 7355 9236 6719 
2852 9236 6719 
5128 10761 5172 8278 8062 
6113 2403 3717 10503 13032 5281 746 5803 8331 8213 13913 9945 380 13001 
8136 7344 11342 
240 10202 15347 9140 
12930 15818 11366 
12320 12326 9935 10486 8887 5374 
10340 14660 3205 7870 15263 
4055 14660 7870 15263 
11747 1197 871 
14842 11747 5190 871 
11747 1068 5190 871 
871 11747 5190 13583 
871 12019 5190 11747 
10584 9707 13038 10199 
11048 1809 4574 
11493 6190 15437 
6688 11493 6190 
12706 1143 
11348 14156 6615 
3261 15373 
14349 3261 
11785 492 494 
2460 13134 7071 
10612 13134 7071 
14305 3914 492 
8584 16505 492 
15136 16505 
1842 4919 3103 
12379 10557 2063 
9089 2063 13263 
1769 8002 12029 
12363 7637 8703 
9089 9701 13038 
6489 3855 8289 
8289 3855 
8584 16505 1142 8777 
16041 12906 10996 14378 
8693 13974 597 
11818 9957 13974 
7617 8397 8582 
11132 10358 7238 
1272 13409 1773 4112 
2844 8429 
4736 8337 3262 
3680 12314 7747 
5185 8402 11126 
7402 1782 
16073 3282 7661 
1113 2267 11046 
11493 11567 
11048 13032 11567 
8201 16372 
8201 10013 
16372 10013 
985 1274 4574 
7864 12553 6396 12487 
6396 15859 6036 526 
6396 3404 
6256 6396 3404 
12553 6396 
9912 9905 492 
9712 2365 2621 
12706 5627 
5762 12127 
8128 8750 15926 
6945 9460 
1499 5540 13582 
16037 2359 
4282 5731 14791 
15234 14755 6372 13823 
1442 11333 
1272 1442 
1442 2650 
5188 15813 13135 
5186 15813 13135 
15813 190 13135 
987 15813 13135 
12969 15813 13135 
12076 5188 15813 
5186 12076 15813 
12076 15813 190 
987 12076 15813 
12969 12076 15813 
13137 5188 15813 
13137 5186 15813 
13137 15813 190 
13137 987 15813 
12969 15813 13137 
5664 9059 4742 487 
14491 5188 15813 
5186 14491 15813 
14491 15813 190 
987 14491 15813 
12969 14491 15813 
13139 5188 15813 
5186 13139 15813 
8584 10682 10164 
4066 7070 15559 
13808 4066 7070 
4066 7070 
12811 173 9695 
173 1534 
173 1534 9695 
6046 8431 
5130 1863 
10953 16580 15981 
11172 11174 
14761 8756 11430 
13139 15813 190 
13139 15813 987 
12969 13139 15813 
9377 16539 
10961 507 6412 
10961 507 
15959 6412 10961 8050 9367 507 12446 
6802 5188 15813 
5186 15813 6802 
6802 15813 190 
6802 987 15813 
12969 6802 15813 
5188 15813 3967 
5186 15813 3967 
15813 190 3967 
987 15813 3967 
12969 15813 3967 
5188 15813 5143 
5186 15813 5143 
15813 190 5143 
987 15813 5143 
12969 15813 5143 
5188 15813 2255 
5186 15813 2255 
15813 190 2255 
987 15813 2255 
12969 15813 2255 
5188 15813 
5186 15813 7693 
15813 190 7693 
987 15813 7693 
12969 15813 7693 
5188 15813 13894 
5186 15813 13894 
15813 13894 190 
987 15813 13894 
12969 15813 13894 
15815 5188 13135 
14025 5820 
10672 14025 5820 
6776 10993 11176 
10484 13436 
6436 10484 
2868 10484 
9489 10484 2868 
14890 7419 12950 
14890 12950 
7425 14890 12950 
7425 14890 7419 12950 2215 
3217 15649 
7425 12950 
5024 14038 
5024 14039 
492 999 
3777 988 13209 
13209 988 
3777 988 
3777 13209 
3777 988 1710 13209 
11048 12188 16231 
12188 13934 
11048 10876 12188 16231 
11944 3883 10885 3222 
11944 10885 3222 
3883 1492 3222 
3883 10885 3222 
11944 5923 4443 10885 3222 
11576 15694 
1161 1607 
9968 1161 10554 1607 
3976 1161 8898 852 1607 
5186 15815 13135 
15815 190 13135 
987 15815 13135 
12969 15815 13135 
5186 12076 15815 
12076 190 15815 
987 12076 15815 
12969 12076 15815 
13137 5188 15815 
13137 5186 15815 
13137 190 15815 
13137 987 15815 
12969 13137 15815 
7344 16310 
11048 7344 13032 16310 
14491 5188 15815 
5186 14491 15815 
14491 190 15815 
987 14491 15815 
12969 14491 15815 
13139 5188 15815 
5186 13139 15815 
13139 190 15815 
13139 987 15815 
12969 13139 15815 
6802 5188 15815 
5186 6802 15815 
6802 190 15815 
6802 987 15815 
12969 6802 15815 
15815 5188 3967 
5186 15815 3967 
15815 190 3967 
987 15815 3967 
12969 15815 3967 
6240 14730 
3444 646 
3793 3794 
5143 5188 15815 
5186 5143 15815 
5143 190 15815 
674 2338 
12387 2475 
3808 14177 4298 845 6808 2229 8312 2109 3071 
5143 987 15815 
12969 5143 15815 
15815 5188 2255 
4499 8837 2230 
5186 15815 2255 
15815 190 2255 
15815 987 2255 
12969 15815 2255 
5188 7693 15815 
5186 7693 15815 
7693 190 15815 
987 7693 15815 
12969 7693 15815 
5188 13894 15815 
5186 13894 15815 
190 13894 15815 
987 13894 15815 
12969 13894 15815 
3808 6472 4298 845 6808 2229 8312 2109 3071 
3808 14177 12169 4298 845 2229 8312 2109 3071 
3808 6472 12169 4298 845 2229 8312 2109 3071 
6441 15499 15158 15295 
329 434 4606 15679 
6504 458 8878 9711 2768 6798 10583 3439 4606 
10340 14660 
14660 7870 
15077 10583 
13976 10856 8698 5421 7638 
5043 15294 
14651 12771 
4282 4805 
9818 1267 
14557 14071 
3525 14071 
9696 6757 
15701 15983 
5097 3135 10799 
1442 1571 9668 4615 
6240 2462 
9313 2462 
2385 15310 13823 
8971 965 8315 15189 13831 
8971 8315 724 15189 965 
6161 965 15189 11055 
10816 6161 15189 965 
1488 12731 4615 
14852 15077 10583 
13542 2383 
9880 4840 15557 14193 7093 
12379 6254 
8289 1299 11804 9967 
9880 2889 7093 4840 14193 
12249 6306 485 
14949 15654 
15066 14949 
14949 2007 
14949 15342 
6569 9142 
3744 7201 5963 
7243 7860 
3105 6897 
11048 2346 3429 
6530 3684 15158 6441 15499 11298 1133 14934 14269 
5330 612 
11240 5098 11861 
3604 13974 14046 
3604 13974 9047 
11778 3604 13974 
4473 9579 2148 15463 
4473 13955 2148 9579 15463 
7105 14237 
10600 8942 4279 
5912 9186 
6396 15859 6036 526 12487 
528 6396 3404 3205 
15345 3562 3621 
11348 14156 766 6615 
5939 10045 
12371 8867 
15066 12482 14949 
11493 2462 
16155 10483 
5457 14581 
16184 14581 
6211 11493 367 
3296 5601 
3296 4267 
2146 2500 
8834 2146 5190 
2146 12709 
7114 9908 1247 
6129 4634 14332 
15017 8988 
772 16117 
4282 15227 
4282 9239 
16163 7612 3983 
12994 10487 
5777 13402 
13561 8878 10583 
2280 14243 
4755 1631 
14033 5228 2495 
9164 9165 
5073 5218 
1045 12350 
7906 12350 
8142 16586 2973 1654 
11739 9820 5190 
6616 11739 
11739 7567 
7744 13665 8038 488 10794 658 8703 952 8095 8094 7967 
488 8095 766 8094 12519 
488 9223 7967 
488 766 6615 
7744 488 658 12181 8703 8094 8095 
15825 5046 
13360 4090 
14945 1125 9790 
14016 9212 8110 
11512 613 8454 15895 
11512 8878 8454 613 
612 10389 
800 612 10389 
3196 6919 
15106 8195 678 10920 130 1071 10429 13922 6741 8375 4344 16404 12475 8285 
1248 11129 10989 
14752 6018 8771 4226 13922 1071 12080 8946 8195 16404 13595 
4598 13006 
9968 2346 
4872 8618 
15304 12379 15591 
5354 14507 
1060 293 10974 
651 8703 
12475 8285 10429 
14946 492 
2705 4358 
1016 2769 
10449 14730 
129 6666 
9432 129 
16350 9959 
6256 12896 13275 
1016 1209 2769 
10316 13356 3877 
13356 3877 
9153 15165 
4488 8288 10511 
16154 6078 6767 
16154 6078 
10592 1771 
3744 3946 9599 
8003 12135 15337 11544 3666 1651 11988 760 8377 10268 10269 11134 
9048 3562 3621 9599 
14017 14867 9599 
16443 6669 
4826 15732 703 
15440 6505 15130 12268 
7992 852 
1097 15763 972 1862 14715 
15304 9392 13946 16472 
13234 3919 
10958 551 
15304 15295 
7984 2712 16341 
8584 1142 6998 11110 
12736 4865 15103 
12736 15103 
4089 10554 10555 
10554 10555 
4089 10554 
4089 10555 
11739 13141 5190 
11442 11739 
10554 10707 
4089 10707 
348 8060 11739 10676 
3440 11739 5508 5190 
15480 11739 5190 
11739 11341 5190 
11739 16158 
2769 4218 
9769 11739 
7241 12636 11493 8389 
3656 11110 
10449 8878 7022 
5345 1722 1829 
1362 3051 9069 7470 12971 
10257 2100 5750 
4146 13974 
611 2605 15502 4431 11509 12568 4783 16014 
14602 6819 14908 
2955 14861 4141 9303 
11748 5190 14663 14861 4141 14084 10308 
10312 3145 7691 492 4110 9235 3157 16311 16505 8442 
9048 15529 1658 
15411 3452 
4634 15411 3452 
13315 6028 5013 
15204 11818 6284 
11984 8130 1133 6014 
13317 1863 
14704 3705 1050 
4218 14470 
4218 7343 
4218 2500 12815 
13034 2186 3295 
4218 14227 
3289 1940 
8027 8516 12997 9702 6665 1898 1151 14313 8143 6128 16085 14227 1429 2462 13975 2203 15198 1247 
224 8027 8516 12997 9702 6665 1898 1151 14313 8143 6128 16085 14227 1429 13975 2203 15198 1247 
6665 14227 15198 14313 
6665 14227 15198 
6665 15198 14313 
10557 2462 
11680 4218 
4218 10557 
4218 7413 
276 11242 7843 5556 8194 
