3578 1459 
555 198 
17 2730 
5904 2822 2305 3120 342 222 
5451 5020 
4226 540 
4816 1090 3996 
288 3258 
5161 386 4004 
3121 1194 2725 
3265 5926 3524 1669 1158 1992 2478 3599 4979 3734 1751 1242 
1848 5411 1285 
4028 1293 
1408 1153 5282 868 6001 1737 2827 236 5137 2967 487 3702 1993 2087 479 
5384 1757 
1504 2561 1732 4417 5132 2295 
5313 4479 
217 2666 
1071 3606 1687 2105 2746 2331 156 5887 
1160 3564 3562 844 4336 5810 4404 3095 5336 252 682 
203 3502 1617 2642 1143 4283 
135 5327 1363 1236 5076 1053 1438 
3461 4571 2021 5117 
592 2545 5678 
5899 5284 14 
1024 5217 5698 1313 1860 3457 3936 1674 3852 6061 3696 4401 4723 5539 2102 930 4191 
2753 2500 4577 2184 4010 3955 1076 1397 4059 1534 5845 
2688 1331 3710 3831 
2235 1436 3870 5702 7 
2752 4449 616 2441 3276 5133 2865 3410 5225 2301 3358 
2171 1171 
3248 2490 
5648 3570 763 
2498 1058 1700 2678 1350 5865 5869 4270 367 6066 1876 2677 2998 1591 2170 390 
3185 3774 
5529 4884 
993 3236 3014 2017 2312 556 3215 5174 1017 5151 
944 217 2666 
1633 5507 484 198 4134 652 5198 4835 2426 2236 
5528 3149 
5131 3251 2699 5905 2547 5846 4088 
384 4067 
5120 5305 5005 
4745 284 
2116 3126 
4008 5546 635 5492 
4456 5563 
211 1510 
5029 4718 
2466 773 4777 1422 78 2037 
1912 1568 4899 355 4500 
5788 1538 5938 1356 3293 
4835 484 5446 4134 1927 4104 3337 426 2861 2064 4689 3571 1557 599 2874 5051 2236 2910 5589 
2530 263 
3936 3457 1674 4643 5698 
1083 3325 
5260 1190 
1833 3258 
3587 1655 1787 3031 
1152 4384 3455 4838 415 
712 5995 1548 
4634 2604 3567 
4337 2526 
6020 4617 395 4183 3229 1695 
2322 4918 
4264 995 
5536 2434 1002 1267 5947 3356 2109 2782 
649 5491 5611 247 
754 4311 6007 
424 336 
657 4103 4332 3885 5681 
5564 3388 
2273 5377 6088 1290 2960 2074 
832 2629 3465 4555 4332 1581 5583 5681 4727 1400 4860 3885 
1677 1258 5869 2678 1591 
2280 1744 3378 931 2501 
2808 5905 3251 
4192 3297 3772 4999 2825 4427 4780 3035 5871 5239 4440 506 59 2332 
600 2409 2644 878 
3174 3815 4277 4855 921 602 2748 991 
5985 3772 4388 2214 2825 1980 4876 3035 4780 6038 4440 506 59 4796 4524 2878 2175 
3596 1621 
1568 2306 4899 1636 1637 2825 588 2505 3035 1912 4500 5782 2089 4440 4780 59 3772 506 
5651 4037 5566 5175 
6051 2534 
2768 191 
90 5436 4246 
4137 812 1133 4685 5456 3097 2619 1374 
721 3578 2827 3660 
3529 2347 
4418 3299 2121 2731 5237 58 1982 3871 
450 164 1256 5518 880 5939 3253 5432 3354 5629 
3988 2446 
3930 3324 
4320 2850 3195 645 1384 5516 3629 910 976 1390 1496 2427 3423 
368 2595 644 1187 5993 5450 3883 3151 2128 3283 564 3093 3161 2543 
17 2586 
705 3363 997 1511 5867 3793 
2840 805 
928 3803 
3488 5985 3035 4388 2214 1607 2825 1980 4876 27 3096 3772 4780 6038 4440 506 59 4796 4524 2878 2175 
3076 4616 1546 2571 1549 2062 532 4629 1561 5147 2076 3614 2079 4642 2597 1575 3628 2141 520 4148 2621 1598 3765 2625 3463 4679 2632 4682 3667 4692 1550 1209 5213 2663 1130 1136 1138 629 120 5250 3718 5818 194 2706 1174 1181 672 3746 796 2733 5813 2742 3769 4282 1218 1221 1736 6092 5840 5332 4824 5207 4833 5859 5159 2798 244 1787 3836 3328 5898 2831 2834 3353 4892 797 287 4385 3975 5936 3377 3894 2612 2870 333 5966 1362 2903 2907 4956 5474 366 4157 1394 4670 1089 1005 4007 2984 5037 3656 4020 1974 1268 6077 5572 1995 4556 6093 465 4065 1514 5613 1524 1529 5627 
2234 4947 5954 4854 
1128 5216 5471 
108 719 
1416 1150 
4112 4264 
5891 4765 
1825 4331 5165 
4000 5748 855 
4608 4352 3722 2191 5658 2716 2592 5026 6055 951 3518 5569 5958 5069 5967 4946 4437 3294 863 993 5363 4733 
705 3363 4033 1511 3793 696 
345 2194 5436 
1864 1633 2430 
5738 1932 674 1638 
5866 2066 3215 
1440 3554 1081 1914 5371 2845 
3990 3343 
4471 981 5087 
1251 1399 
2944 2325 
4 1277 
3552 1122 4612 4645 4070 1448 5807 4176 
5850 363 
5817 1738 
4944 4264 
2915 1558 
1121 1034 3254 
258 4454 3752 2648 4562 947 4052 693 2904 2778 830 3605 
1698 2955 
2416 3689 
5025 2394 
6075 1612 
3645 4662 
208 5468 
5219 2757 2665 3467 717 1294 785 5333 5112 5114 
4862 3230 
2369 3738 2039 
3802 4107 1319 
3591 3335 
5857 2722 4590 3943 
2000 2263 
17 1388 
2682 4140 
2035 708 
3779 3972 6060 5901 2545 3319 5082 
708 5396 3670 
2913 2346 675 2693 1066 
3587 1655 5859 1524 3031 1787 
4064 610 5380 1577 557 3247 498 2835 760 3739 1628 5693 
1408 1153 5282 487 2087 1737 2967 6001 3702 1993 479 
4641 997 2312 5867 556 4983 5151 
2312 556 5151 
5867 997 
2720 5760 4835 484 4134 5683 789 2236 
5760 2720 5683 789 
484 4835 2236 4134 
4338 2979 
5648 763 
3968 3205 5384 1801 5776 17 3609 2586 4257 3238 2730 5168 2873 5819 4808 4557 977 1757 4326 1259 1388 5997 5361 2676 
3968 977 2730 1259 1388 4557 17 2676 2586 
4257 3205 5384 5997 5168 1757 
5361 5819 
5776 3609 4326 1801 
4354 5379 4356 1837 2438 2952 2442 4747 4238 911 1112 5394 4243 4884 5909 2715 2972 4509 2971 6052 4721 95 4345 4525 2461 5808 690 5043 438 1208 1465 3642 5215 10 318 2496 1985 782 4811 1220 950 711 5577 2250 4427 2638 2000 3794 3796 4622 982 2263 5322 348 2682 4703 5472 5328 1531 740 1894 4071 3050 5232 2033 1778 2675 1269 1783 5368 3065 4346 2427 
3050 4747 4525 5368 3794 1112 348 95 
3050 4747 4525 5368 3794 1112 95 
5379 2438 2952 10 4238 5394 4884 2715 4509 6052 1837 5808 5043 950 1208 1465 318 2496 782 438 711 5577 5322 4811 4622 4345 4071 5232 2033 2675 3065 2682 2427 
5379 2952 10 4238 5394 4884 2715 4509 1837 5808 5043 950 1208 1465 318 2496 5577 5322 4811 4622 3065 2033 2675 4345 2682 
6052 2438 711 4071 782 5232 438 
4354 4356 2442 911 4243 5909 2971 2972 2461 690 3642 4703 1985 1220 2250 4427 2638 2000 3796 982 2263 5215 5472 5328 740 1894 4721 1778 1269 1783 4346 1531 
2000 5472 5909 2263 
4354 3642 4356 1894 2442 4243 3796 1269 1783 4346 2971 2972 2250 4703 
1985 1220 4427 1778 2638 911 5328 4721 690 982 740 1531 2461 5215 
1985 1220 4427 911 690 982 740 1531 
4721 1778 2638 
5328 2461 5215 
4137 812 4685 5456 3097 2619 1374 
1289 243 2535 5942 5347 
5152 198 555 3244 5198 3926 
5198 198 
5152 3244 3926 
4008 5649 722 5492 5596 
4008 5492 5596 
5649 722 
5164 4922 3380 3201 
1024 5217 5346 5539 1988 3457 1313 3936 1674 6061 3696 4401 1010 5698 1860 4191 930 5374 895 
1988 5374 
1024 5217 5346 5539 1860 3457 1313 3936 1674 6061 3696 4401 1010 5698 4191 930 895 
3936 3457 5698 1313 1674 4191 
1024 5217 5698 5539 1860 1313 3936 1674 6061 3696 4401 1010 3457 4191 930 895 
1313 5346 
4332 943 6060 3885 5583 
4332 3885 5583 
0 3414 5133 3621 1672 1081 64 2125 5203 84 2140 3176 5225 1647 616 3703 1310 2184 4745 4239 4243 164 1905 690 3253 2752 705 4291 4804 3276 4813 3793 3799 219 227 1256 4330 2805 2301 4823 3343 5400 3354 284 3870 3363 293 3366 2865 5939 5432 5951 2883 3910 845 2384 2386 3923 1878 1888 4449 4460 880 5489 5490 3955 374 380 6023 1928 2441 2442 2443 909 5518 1425 3990 924 2975 434 2463 5365 450 5575 5577 3540 1494 471 1511 1004 3410 3566 3358 5113 5629 
4745 2442 4243 284 
1888 2883 4804 293 5575 1004 4330 2443 4460 4813 2125 909 5489 690 227 5365 374 471 219 380 2805 
219 1004 2805 4813 
3414 6023 2441 5133 4239 5400 924 3358 3366 2865 1081 5951 2752 4291 3910 3276 845 3410 5203 1878 2140 4449 616 5225 2301 
6023 845 5203 3414 5400 1081 924 5951 
3910 1878 3366 
4291 4239 
5113 3703 
0 3176 1494 1425 1672 434 3566 1647 2384 1905 5490 3540 3990 3799 84 3343 1928 1310 2975 
3990 1425 1672 3566 3343 1905 5490 1494 3176 1310 
0 1928 1647 2384 434 84 3799 2975 
2184 3923 3955 
705 3793 3363 1511 
64 3621 5577 2386 4823 2463 
2442 4243 
2688 130 3715 2186 771 2722 170 1331 949 4022 1337 3903 3523 2244 2501 4942 1368 54 5857 4710 3943 4590 4627 4212 2165 4982 5753 3710 
3523 2244 2501 170 4022 1368 2186 
2688 4212 2722 3715 54 4710 3943 130 4942 4627 1331 2165 4590 4982 949 771 5753 5857 1337 3710 3903 
2688 1331 3710 
130 771 54 4710 4942 4212 949 4982 5753 
4627 3903 
5696 277 
3328 2597 1575 2079 4892 2571 5037 839 5213 2706 1879 5159 5818 287 796 797 4670 2847 
839 4892 2571 5037 2706 5818 796 5213 4670 
3328 2597 1575 2079 5159 1879 287 797 2847 
3328 5159 2597 797 2079 
1575 287 
797 2079 
6080 4611 2823 4877 3996 1565 4644 423 4009 686 180 1600 2622 959 320 1090 3190 5836 3410 727 4900 4323 3830 4543 
1938 2867 4951 
1738 333 1853 3249 2612 3894 5817 4157 
3249 1738 1853 5817 
4157 3894 
2612 333 
1025 772 2056 4531 4110 1044 2966 5402 2588 1437 5153 1315 1831 2216 3740 4782 5295 689 6067 1460 3166 4980 3005 3650 3021 3150 5715 4315 1501 5598 2272 3810 2795 3054 2292 3454 
2272 1025 3650 2056 2588 1460 3021 3150 2216 4980 1044 5402 3740 1501 3166 
3454 1315 772 1831 2795 4531 4782 5295 689 5715 6067 2292 3054 2966 3810 4315 1437 5598 
3738 2039 
3769 1787 3628 2870 3614 
779 3339 
4064 5380 1577 557 3247 498 2835 760 3739 1628 
4352 6020 3478 774 4617 3722 395 5954 2191 3862 1194 1348 4996 2716 3229 1695 5610 1156 2725 6055 2856 4266 3121 951 2234 5052 447 1472 4733 5658 5956 4934 5703 4535 5069 2127 4946 4947 4437 4183 217 4316 3294 5029 2915 2148 2666 2285 4718 637 5363 5958 4854 2045 382 
4996 5029 4934 5610 2285 4718 2127 447 
2915 2148 4934 4617 5610 395 2285 2127 3862 4183 6020 4996 1695 3229 382 447 
5610 2915 4996 4934 5958 6055 4617 3722 395 2285 2127 951 4183 2148 6020 1695 2716 3229 3294 447 
4352 1156 774 3722 2191 3478 1348 5658 2716 6055 4266 4535 2234 1472 5954 5956 5958 5703 951 5069 4946 4947 4437 217 4316 3294 2666 5363 4854 4733 
2716 3478 5958 951 
4352 4733 2191 
5658 5363 4946 5069 4437 
1472 5703 
3722 3294 6055 
2716 5958 951 
4266 4535 
1665 3970 4867 5638 1793 3977 3467 1931 1294 785 405 5935 4769 419 2728 5161 4397 3503 2992 2355 2358 5385 3902 5443 2757 5062 4648 1736 4298 3383 717 3791 1537 5333 5337 6056 3547 2525 5983 5219 5863 2665 2154 1772 365 5102 168 1395 500 118 4329 5112 5114 2538 1790 
4867 5062 5638 5863 168 3977 4298 4397 5102 1395 4329 5385 2538 1790 
5297 4331 5165 1825 
4610 1031 955 2574 527 3605 2072 538 27 543 1569 5155 3108 3087 5468 1578 5675 563 3129 693 4672 1607 5711 5200 1106 4179 1109 2648 602 3599 1381 5728 3683 1637 3690 5233 5239 4216 362 2175 5762 5782 3737 3227 1693 5280 5478 4775 4780 4273 2738 3443 4277 4790 2233 2079 3772 3262 1730 4293 1746 2775 5668 2778 3814 743 978 4334 5871 1264 2089 5372 1797 3337 1803 4364 1296 179 1307 2332 285 5923 4388 2861 2878 3392 3909 5446 2375 4939 332 1872 860 1557 5985 4453 4454 5994 5996 883 576 4999 397 2446 3988 3488 2469 424 6057 1454 947 4024 5051 1989 5574 1996 3024 4562 4051 4052 1498 477 5094 4073 3571 3576 3577 506 
5200 4610 2469 4073 3024 563 3909 4024 179 3262 1989 
5200 4073 179 3024 1989 
4024 3909 3262 2469 
4024 563 2469 
3392 1569 5155 5668 1381 3814 3443 332 5923 947 4052 693 2648 3108 2778 955 4454 3605 
4454 947 4052 693 2648 2778 3605 
3392 1569 5155 5668 1381 3814 5923 955 
332 3443 3108 
1264 5468 5996 1031 
576 5762 1797 4999 883 3337 1803 4364 397 2574 3599 1296 3227 1557 5782 2072 5094 538 27 2332 285 543 3488 2375 1307 4388 5574 4775 2089 1578 5675 4780 2861 1454 4273 2738 3443 4277 4790 2233 5051 3772 2878 4672 5280 4179 4293 5446 1607 4939 1996 5711 4216 1106 4051 1109 1746 1498 602 860 5728 5985 3683 1637 3814 743 362 978 4334 5871 5233 3571 5239 3576 3577 506 5372 5994 2175 
4999 1803 4364 2574 5782 2072 27 2332 1498 3488 1307 4388 4775 2089 1578 2375 4780 1454 2738 4277 2233 3772 2878 5280 5574 1607 1996 978 602 5728 5985 3683 1637 362 5871 5233 883 5239 4216 506 5994 2175 
1454 5574 1637 
2089 5782 
5762 3337 3599 1296 1557 3227 285 543 2861 4273 3443 4790 5051 4293 5446 4939 4051 3814 743 4334 3571 3576 3577 
576 4672 1797 5094 5372 397 1106 4179 1746 538 860 
1693 1730 4453 5478 424 6057 2446 527 1872 3988 2775 3129 3087 477 2079 
931 2501 2280 1744 3378 5686 4031 
1744 3378 2501 4031 
1744 3378 2501 5686 
4160 4264 1452 4944 2935 4991 
2689 5611 3270 649 5674 3627 2732 3821 3120 4305 5491 247 4826 3452 4954 222 
3270 2732 3821 4826 3452 4954 
649 3627 247 5491 5611 
1088 5473 4662 4102 1063 4712 4589 2739 1601 
1088 5473 4712 4589 2739 4662 
1601 4102 1063 
771 4356 2437 5784 4898 3494 3500 4400 949 4703 1856 1220 2250 2722 4942 5328 3796 1495 5215 5472 5857 6054 3943 2155 2029 4590 1778 4982 3831 4218 1531 2300 
1856 5857 4898 2437 3494 2155 3500 2029 4590 4400 5472 3796 1495 5784 4218 2300 
2722 4356 6054 3943 2250 4942 5328 1778 4982 3831 5215 1220 1531 4703 
2049 4535 3342 1486 2031 
1538 2475 3076 3836 4616 1546 4107 1549 2062 1040 1553 4114 5123 532 4629 3606 5143 4633 2663 4123 2076 4642 4131 4647 3114 5676 4530 1071 4657 4148 4663 2104 2105 1127 3132 3133 1598 3765 2625 5046 4679 2632 4682 5196 77 3667 4692 5207 1627 2141 1630 4717 4197 3601 795 3690 1643 2157 4207 1648 1138 3188 629 4955 120 1658 1727 1660 1934 2177 5250 2179 3718 925 3208 650 194 3181 5264 1750 2198 5783 2713 666 156 1181 672 1136 3746 283 676 3753 6092 2733 2223 5296 5813 2742 4791 1209 2746 4287 1218 5828 1221 4385 4556 2763 2764 5840 2083 3798 4824 3289 3802 4827 3293 2853 2784 208 4764 1763 1252 5862 4333 2798 1264 4339 244 1781 1271 1021 2297 1338 5884 2090 5887 1282 2119 520 5256 4652 5898 4875 2831 2834 4398 3353 2362 265 1254 1561 4340 1319 4904 3463 2862 3375 5936 3377 5938 5495 310 3386 827 1342 4576 4699 5448 3401 3402 3915 4938 3406 4943 1872 1362 4435 2446 2907 5981 3422 2399 5474 5435 4453 2921 874 4459 5996 3949 366 2621 1394 3957 2423 2331 1403 5500 5098 2965 1411 1174 6022 2951 5512 1418 1687 4492 1346 5006 2964 4501 4079 5532 1949 1514 3995 4004 1957 4007 424 5788 3498 2631 2989 1966 4527 5704 2482 755 4020 1974 2657 4282 1268 5050 6077 5055 5572 1089 4552 1356 5578 1995 5068 5147 465 3235 4056 2528 4065 4581 1513 5145 4588 5613 2542 4093 1008 3574 2041 2557 2864 
1538 4107 5006 3601 2964 3606 1687 2331 5788 1957 1319 156 4527 5938 5046 2104 2105 2746 1356 5196 1071 3802 3293 2784 3690 2423 5887 
2784 5006 2423 
5196 4527 5046 1687 2105 2746 156 
4107 1957 
2104 2964 1319 
2784 2423 
3690 3802 1319 
4197 5704 3753 3915 3798 4791 5050 4123 3132 
4197 5704 3753 4791 5050 4123 
3915 3132 
5123 1040 1553 4114 5143 5145 4131 4647 3114 4652 4530 4657 4663 3133 2631 4699 1630 2657 1127 795 1643 4717 4207 1648 3188 1658 1727 1660 2177 2179 5256 650 2157 5264 2198 5783 2713 666 4764 3235 676 2223 5296 4287 5828 2763 2764 2083 1750 3289 1627 1763 1254 4333 4339 4340 1781 1271 2297 1338 5884 2090 1282 2119 265 4875 2862 283 2853 4904 4398 3375 3208 310 3386 827 4576 1346 5448 3401 3402 4943 4435 4955 5981 3422 2399 5862 2921 874 4459 3949 3957 5495 1403 5500 2965 1411 6022 2951 5512 1418 4492 1934 4501 4079 5532 1949 3995 3498 2475 3181 2989 1966 925 2482 755 4938 5055 4552 5578 1021 5068 4056 5676 2528 4581 1513 5098 4588 2542 2557 1008 3574 2041 4093 
2177 1411 3188 6022 4079 5256 265 650 5143 5068 1934 4717 1040 4114 2179 2965 2198 5783 5145 3995 4764 925 4131 4699 2853 4647 4904 3114 2119 5676 2862 3181 5296 5512 2482 2090 310 4663 5500 1338 827 4207 1418 4287 4875 5828 2657 3401 4938 2763 2764 2223 4943 4435 4056 3289 3208 1627 5981 1630 3498 5264 1127 2083 1513 5098 4459 3949 2542 3133 1648 1781 4340 3957 1271 2297 1658 1403 5884 4093 
1282 5123 2951 4492 795 2157 1553 4501 2713 666 283 5532 1949 1254 3235 676 4657 2475 4652 2989 1966 3375 5448 4530 755 3386 3402 5055 4576 1346 4398 2631 4552 5578 1750 4955 3422 2399 2528 1763 4581 5862 2921 874 1643 4588 4333 2557 1008 4339 3574 5495 2041 1727 1660 1021 
1872 2864 4004 4453 424 5996 1264 2446 77 208 1252 2362 4827 1342 
5250 3076 3718 1089 4616 1546 1394 2062 2831 2834 532 4629 1174 4633 5898 1561 5147 2076 1181 672 4385 3746 244 4007 3463 2733 2742 5936 520 4148 3765 1974 4020 4282 2621 1598 5813 2625 1218 5572 1221 4679 2798 6092 4682 1995 4556 4642 1549 5840 465 1362 3667 4692 5207 4824 1209 2907 3353 2141 4065 5474 3377 2663 194 1514 2632 5613 366 6077 1136 1138 1268 629 120 3836 
3076 3718 3463 520 5898 1394 2831 2798 1561 3353 1181 672 4642 2733 2742 3377 4148 5813 1974 4020 4282 6077 1598 3765 1218 1221 4679 2632 1549 465 3667 5207 4824 2907 4065 5474 194 5613 366 2621 1138 244 629 120 
5250 1089 4616 1546 2062 2834 532 4629 1174 5147 2076 4385 3746 4007 5936 1209 2625 5572 6092 4682 1995 4556 5840 1362 4692 2141 2663 1514 1136 1268 3836 
4608 1024 1029 3590 522 11 1313 14 2677 3502 5977 5657 1050 5659 4638 1058 4018 1587 3126 1591 4664 4666 1083 63 2112 5698 2116 2629 5217 1612 4401 594 3155 2644 600 89 3676 4701 4191 609 5819 3691 5741 3696 3185 5234 2835 1470 3192 2170 5243 1150 128 1729 3227 1674 1675 5260 5263 2499 1172 3438 3734 5787 5276 3739 3238 1195 6075 4270 6024 4795 3774 5823 4289 3361 4808 4812 3277 5327 1236 1751 1242 4832 232 4332 5869 5361 5874 3317 5366 2807 3325 1280 5248 4866 3843 4869 3265 5899 5903 272 787 4152 281 5403 3873 3874 2340 390 5926 295 1320 1834 1324 3885 3889 1842 2873 5948 4927 3396 1350 3916 5176 1876 1367 1880 1369 5466 1373 1509 3936 2405 3430 2409 363 878 367 882 1700 1396 4984 895 3457 4484 3462 1416 6025 3167 6030 6031 2963 4030 1860 2117 417 5026 5539 4337 937 5034 6061 2990 5041 6066 3748 2998 1467 2494 5057 2498 3523 3524 6086 930 589 4048 2514 2866 5076 5081 4573 2526 4063 5284 1190 2023 4584 4585 4371 1010 3062 5111 4522 
6025 1058 1700 1195 1842 1587 5819 5823 2498 4048 2514 1876 1367 1880 3676 4701 1509 594 5361 1396 2677 3062 2170 
2526 3265 5926 3734 
1242 3524 1751 
3843 6024 6025 522 1675 6031 2990 5403 3361 2340 937 1834 3502 3889 4018 5176 4666 3167 3916 4048 594 3155 1236 5977 4701 4063 4832 3430 2023 232 4585 5741 2514 3317 5243 
3430 6025 522 3916 2514 4048 594 3155 1236 937 5977 4701 4063 
4832 3361 3843 2340 2023 6024 4585 1834 1675 5741 2990 6031 3889 4018 5243 3317 5176 4666 5403 232 3167 
4584 4866 
3361 930 5539 6086 3873 6061 3438 3696 4401 2526 2807 5657 1470 
3361 930 5539 6086 3873 6061 3438 3696 4401 2807 5657 1470 
5874 1467 
787 3361 2963 
2498 1700 1058 5361 1842 1876 2677 2170 5819 
5057 3462 295 6025 2514 5903 4048 594 1587 5366 5263 4701 5823 
5111 2526 4927 
4664 3192 2866 4638 5081 
5787 4573 
4608 3691 4869 390 4371 5026 1700 3185 4522 1842 4270 6066 2998 1591 4152 6075 5948 3774 2112 2498 1350 4812 1612 589 1876 1373 5819 363 5869 367 5361 2677 2170 
2498 5869 1700 390 1350 1842 4270 367 5361 6066 1876 2677 2998 1591 2170 5819 
6066 1350 2998 
390 4270 
2498 1700 367 5361 1842 1876 2677 2170 5819 
5869 1591 
4608 5026 4869 3691 4371 4152 5948 
4608 5026 
3185 363 589 3774 1373 
3185 589 1373 
2112 4812 4522 6075 1612 
1280 3457 3748 4484 3361 3590 4289 1416 1674 5899 5260 14 6061 272 2835 1172 281 3396 1050 3739 5276 1029 417 930 5539 5284 1190 5041 1320 5217 5248 5234 2499 4401 128 3126 1860 1083 4030 1024 1729 5698 11 2116 2629 1313 3936 3277 3523 5327 2644 6030 600 1369 3885 4191 5659 609 4795 2405 3227 2409 4332 878 3325 3696 4337 1010 2494 89 4984 5076 882 1150 895 
1024 5217 5698 5539 1860 1190 1313 3936 1674 5260 6061 3696 4401 1010 3457 4191 930 895 
3696 5217 5698 1860 1313 
272 2629 5327 
417 4795 
1320 609 882 1050 2494 
1280 4289 4484 3590 1729 3361 2835 4984 1369 3739 
128 5234 4030 
5248 609 2499 1320 11 5041 882 5076 281 89 1050 3227 2494 
5659 4332 2405 3885 
3748 3523 5899 5284 14 
773 2182 1290 1804 5645 1422 2703 2960 4753 2194 4246 2074 1182 2466 4777 662 2610 2101 1593 5436 1093 5191 6088 78 90 2273 499 2037 2808 
1093 2703 2194 2101 4246 2808 1593 90 5436 
6088 2273 2960 
1290 2074 
3514 2051 
1024 5217 5698 5539 1860 1313 3936 1674 3852 6061 3119 3696 4401 1010 4723 3457 4191 930 3370 895 
3392 1569 5155 5668 1381 3814 5923 3737 955 
1888 4804 2443 2125 5489 690 374 471 
4826 3452 3270 
1241 2102 
458 2598 
363 589 
6009 4517 
2049 3342 1486 2031 
4467 1589 
4898 2437 3494 4400 5784 4218 2300 
2089 1637 5782 
1754 1973 
2867 4951 
5184 278 
1864 969 2171 
1592 5955 
4687 5383 231 
3452 4826 2732 
4996 4934 5610 2285 2127 447 
3272 1923 
334 3312 2673 5621 886 2649 1273 1791 
1593 2703 1093 2101 
3939 1083 3325 
4291 3910 3366 1878 4239 
3569 3806 5886 4391 
1130 5230 4503 
1307 2459 3661 
5704 3753 5050 4197 4791 
3968 17 
3249 155 
4264 2059 
4305 5674 2689 
4586 5381 5183 
2900 3789 
3244 3926 
4610 179 4486 5200 3088 5787 3909 4258 2469 4264 563 4024 3262 1989 3024 3285 1116 4573 2782 351 4321 4073 
2992 1665 405 5863 
576 1106 4179 860 
1728 1555 
332 316 3443 3108 
5234 4030 
5953 3491 2567 4175 5049 3962 
4810 3565 
3392 1569 3138 4355 5668 1381 3814 743 5155 823 5923 955 476 
2354 950 2302 
2171 5908 
5328 2461 4502 5215 
1636 2188 5103 
1896 3681 
610 5693 
4826 3452 4954 
3744 2213 2501 
2752 1047 
3280 504 1813 2152 3361 
1313 5346 2243 4103 2888 4202 5516 910 4049 1813 1496 2427 2776 
5706 363 
1042 2684 
17 2676 
3585 3660 
3736 3675 2622 
3843 6024 1801 1675 6031 5776 3609 5403 2589 2340 169 1834 2990 4018 5176 4666 3167 4832 4326 2023 232 4585 5741 3317 5243 
3004 3198 
681 404 3125 
4043 2061 
2832 1565 
3396 3126 
4264 2935 
4626 5046 
5472 3796 2029 
1029 6030 
2529 3732 
770 2510 
3866 3483 2421 
2200 934 
1793 3970 5443 2728 5161 2154 3503 4648 6056 2525 3902 
88 61 102 2503 
568 5329 1100 
4257 1757 
3680 3672 406 3742 
130 771 54 4710 2987 4942 4212 949 4982 5753 
1090 686 
1043 2002 5820 5380 1577 1386 3501 3247 4144 498 2835 1065 760 3739 91 1628 557 
417 4795 3508 
5353 3849 
4264 4160 
2301 5413 
5338 4395 2594 
1152 3455 415 
4769 419 118 1537 1736 1931 1772 365 5935 2355 500 2358 3383 5337 3791 3547 5983 
3462 1671 6025 522 5903 295 937 1195 1587 2620 5823 5057 3062 3916 4048 594 3155 1367 1880 5977 5263 3676 4701 4063 2660 1509 3430 2514 1396 5366 3071 
4064 3099 4903 
1368 170 2501 2186 
4371 5948 4869 
2825 1803 2072 921 2332 2375 5675 4780 4277 2233 59 316 865 1996 4440 1498 3035 991 4192 3297 2748 3174 3815 3772 5739 5871 4855 506 
3748 5284 14 
3826 846 
1963 2372 5007 
258 4454 2648 947 4052 693 2904 2778 830 3605 
3205 1757 
1539 4365 1712 881 5304 2623 
1278 3231 
5688 6068 
1528 390 
994 5354 
2400 994 
4739 1911 
1672 3866 1647 
5169 2476 4636 3431 
1777 1317 
3523 5284 14 
1757 5997 
2182 5191 1804 5645 4753 2610 499 662 1182 
64 3621 5577 2033 2386 4823 2463 
609 5028 1320 79 882 5076 1050 3227 2494 
5276 3277 
3185 1373 
3816 1705 4275 
2208 5154 2662 1900 4596 893 
4264 775 
4641 4983 
128 5234 
489 1678 
4611 2823 423 3410 3190 727 
2166 2894 
17 1259 
1337 3715 2165 
772 2966 2714 1437 1315 3749 1831 1450 4782 5295 689 4531 6067 5715 2645 4315 5598 3810 2795 3054 2292 3454 
4813 219 1004 2805 293 
2883 380 5365 227 
4330 4460 909 5575 
793 4035 4141 3719 
1296 2064 2236 2910 
89 2499 
4000 855 
3784 4092 
5552 5987 
5347 2535 1289 44 243 5942 
3976 2016 3730 5800 
1856 1364 1623 
4305 2689 
4152 3691 
2493 5917 4247 
5435 3406 
17 977 
4960 3361 645 1384 1257 5516 176 5907 2836 5493 2427 668 
410 2268 
2704 4305 5019 2689 
5168 1757 
1025 3650 2056 2588 3021 3150 2216 1460 1044 4980 5402 3740 1501 3166 
2220 5030 
1157 5574 1454 1109 1847 5752 1946 2813 
2176 5604 
4866 3459 2820 2963 5657 1842 4638 3361 1058 5539 1700 6061 4401 2866 695 4664 5819 1470 4927 2498 3652 325 6086 3873 2807 930 3192 1876 5081 5723 2526 1467 4584 3438 3696 5361 5874 787 2677 5111 2040 2170 
5142 3176 3829 1494 728 1215 
3307 1365 
3657 4156 
5786 6035 
5633 1107 
6023 845 6032 5203 3414 5400 924 5951 
1158 4394 4687 851 1080 4979 4637 2078 
3129 1730 
4808 2873 3238 
2856 5052 637 2045 
974 918 
1208 2675 1023 
272 2629 
3712 2248 1619 5875 3964 
320 4900 3830 686 
1088 5473 2501 4712 4589 1744 1139 5204 2739 2552 5209 4607 4989 4031 
2900 3886 
2746 5006 
1280 4289 4484 3590 1729 3361 2835 4984 1369 3739 5820 3549 
2920 34 
549 4038 
49 2962 733 
547 4458 1339 
3975 1005 432 3858 1879 2847 
3346 5927 
1258 2678 
17 4557 
354 4124 4582 
5466 1324 2117 63 
5829 943 4272 5811 954 1723 
3548 3998 
4368 5441 2700 5327 
2720 2166 2894 4199 
5889 5499 3429 4889 
6057 1506 
5123 1040 1553 4114 5143 5145 4131 4647 3114 4652 4530 4657 4663 3133 2631 2638 4699 1630 2657 1127 795 1643 3181 4207 1648 4721 4211 3188 1658 1727 1660 2177 2179 5256 650 2157 5264 2198 5783 2713 666 4764 3235 676 2223 5296 4287 5828 2763 2764 2083 1750 3289 4717 1627 1763 1254 4333 1778 4339 4340 1781 1271 2297 1338 5884 2090 1282 2119 265 4875 2862 283 2853 4904 4398 3375 3208 310 3386 827 4576 1346 5448 3401 3402 4943 4435 4955 5981 3422 2399 5862 2921 874 4459 3949 3957 5495 1403 5500 2965 1411 6022 2951 5512 1418 4492 1934 4501 3995 5532 1949 3498 2475 2989 1966 925 2482 755 4938 5055 4552 5578 1021 5068 4056 5676 2528 4581 1513 5098 4588 2542 4079 1008 3574 2041 2557 4093 
3198 3223 
4060 1988 5374 
3714 2171 
5849 5682 1132 
1601 1063 
2026 5172 4149 
2667 1444 
1071 3606 5887 
3561 5196 4527 1687 2105 156 3102 
4160 4944 4264 2059 4112 4856 4991 
3843 6024 1801 1675 6031 5776 5403 2589 3361 2340 169 1834 2990 4018 5176 4666 3167 4832 4326 2023 232 4585 5741 3317 937 5243 
3975 1005 3311 432 3858 1879 2847 
1985 2722 771 4356 2250 3886 911 2900 4942 4982 
832 4578 2629 3079 3465 4555 4332 1581 5583 5681 4727 1400 4860 3885 
740 2000 5909 2263 2972 2110 5781 
3936 3457 5698 4643 5217 1674 4401 
2498 5819 1700 1058 5361 1842 1876 2677 2170 5723 
4721 1778 4211 2638 
5903 5057 1367 2660 3462 295 6025 1671 3916 594 5263 4048 2514 1587 5366 937 5977 5823 2620 4701 3071 
410 5383 231 
1985 1220 911 2291 982 740 
1315 772 3749 3054 4531 4782 5295 689 6067 2645 2966 4315 3454 
5025 5891 135 1640 1258 3852 4765 1363 1236 2678 1053 1438 3199 
1367 1509 6025 1195 594 4048 2514 1587 1396 3062 937 1880 5977 3676 4701 5823 
1537 3547 5983 
3975 1575 1005 5332 4956 287 
3430 6025 522 3916 2514 4048 594 3155 937 787 5977 4701 4063 
2400 994 1923 3272 3116 3658 3019 5100 1981 3313 5354 2280 
2104 4379 125 
4712 5473 1088 2739 
6080 180 1090 3996 686 
1408 1153 5282 868 869 6001 2087 1737 2827 236 5137 2967 487 3702 1993 479 
3806 5886 4391 
1160 3562 844 5810 5336 682 
796 2571 2706 4215 5818 4892 5213 4670 
2588 3021 3150 4980 1044 5402 3740 3166 
1537 3547 1736 3656 5627 5983 
384 3585 4611 4741 2823 1495 5388 4877 3736 1051 5020 2821 5793 4644 550 423 4009 2474 3884 686 3119 180 1600 4281 4042 2622 959 320 1090 6080 1142 3233 5836 3996 5451 3660 4816 3830 3410 4067 727 4900 3675 5724 4688 4323 5095 877 4722 3444 3190 5369 1530 4543 1919 
5446 1927 426 2861 5589 2874 
1025 2056 4531 1044 2966 5402 3740 1437 1315 3749 2216 2588 4782 5295 689 6067 1460 2292 3650 3021 3150 5715 2645 4315 1501 3166 3810 1511 2795 3054 4980 3454 
3488 1607 
248 3704 1342 
2782 4321 4610 2469 4486 4264 4258 5200 3088 563 3285 4024 351 1116 3262 3909 
3769 3628 2870 3614 
1450 1044 
960 5796 3882 3122 2354 950 2302 
832 4578 3779 3972 2629 3079 3465 6060 4332 1581 5583 5681 4727 1400 5901 4860 3885 4555 2431 
1633 2426 2430 
4756 2971 2508 
5704 3753 5050 4197 
5328 4502 2461 1262 5215 
16 5732 3205 4257 5384 1259 1388 5997 846 5168 17 3826 1238 24 4568 2011 1757 
3936 3873 930 5539 3652 325 6086 3361 1674 4337 6061 3438 3696 4401 1010 2526 2807 1860 5657 1470 4191 
1024 3457 1674 3852 3873 930 5539 3370 6061 3119 4401 5698 1860 6086 1313 4191 3936 5217 3696 1010 4723 895 
2498 1700 1058 367 1876 2677 2170 
258 4454 3752 2648 4562 947 4052 693 2904 2489 2778 830 3605 
4332 1581 5583 592 657 3319 4761 
1071 2331 3606 5887 
2520 1017 3014 2312 3215 
5698 645 3590 1384 4394 3724 4337 5973 
4611 423 2823 3410 3190 727 4543 
2944 1538 1356 5938 2325 5788 3293 
2498 1700 1058 1876 2677 2170 5723 
708 2035 5396 3670 
1280 3361 2002 5820 5380 4337 1577 1386 3501 3247 4144 760 498 1043 1065 2835 3739 91 1628 557 
3810 1315 2292 4531 6067 4980 1044 4315 3740 
3658 3116 
1313 98 645 1384 1168 4447 4549 
2184 2500 3955 1076 
931 2501 1574 3658 75 3116 3395 1744 145 3378 4019 3252 5686 2552 6090 4031 
2753 5845 1534 1397 
2699 5846 
705 3363 997 4033 5867 1511 3793 696 
954 1723 943 
1024 3457 5698 1313 1860 5217 3936 1674 3852 6061 3696 4401 4723 5539 2102 930 3873 4191 
4368 5441 2700 2040 5327 
1122 4612 4645 4070 1448 5807 4176 
384 3119 4067 1495 
1313 2243 1988 6086 4103 2888 4394 1496 2427 4060 5374 
705 3363 997 4033 5867 1511 3793 
5209 1139 5204 4989 4607 
782 4071 
2688 1331 4627 3710 3831 
931 5686 
10 1837 
993 3236 5174 2017 
1793 3970 5443 4836 2728 5161 2154 3503 4648 6056 2525 3902 
3802 4107 2964 1957 1319 
5659 3396 3126 
1025 3650 2056 2216 1460 1501 3166 
2900 3789 3886 
4104 3337 4273 3571 1557 599 5051 
2752 3276 5133 2865 3410 1047 3068 
5069 5967 5363 4437 5658 3518 863 
5865 5869 2678 1591 
1157 5574 1836 4364 1454 1109 1847 5752 1946 2813 
256 6020 5381 1158 4617 395 3229 2078 1695 5025 2856 4266 1080 5052 5183 4687 851 4183 2394 2148 4586 2045 4979 575 637 
1112 5368 3794 95 
4320 2850 3195 645 2888 5516 3629 910 976 1384 1390 1496 2427 3423 
3328 2597 5159 1550 797 2079 
4400 2155 3029 
0 84 5667 1425 1672 3566 1647 1905 434 3540 2334 1494 3703 728 3176 3866 1928 958 2975 
3829 5142 1215 
5242 1531 1269 
2732 4826 3452 4954 3270 
1187 644 3283 5450 3883 2543 2595 3093 3161 
5200 2469 4073 3024 179 4024 1989 3262 3909 
1160 844 4404 3564 3095 
4745 5036 284 5761 
2200 3545 3058 1596 934 
4281 4323 4741 
3265 3734 5926 
5859 1524 1787 
1233 730 
1220 1894 264 2638 4303 2000 4721 1778 4211 5909 982 2263 740 1531 
4326 1801 5776 1010 3609 4191 
5891 1860 5897 1674 2447 1010 1372 4191 
3138 476 823 
3810 772 2795 1437 5715 2292 4315 6067 5598 
3585 130 4356 3845 1932 4765 261 674 2987 1459 4400 4017 2995 3523 2244 2501 2250 3538 3029 1894 1638 2155 3831 5753 
4608 2458 5026 
793 4035 4141 3654 3719 
2592 5658 5363 5069 4437 
4028 1293 5815 
368 5993 2988 2543 2128 564 3151 
5120 5852 5005 990 4695 
2000 5909 2263 
2688 3715 4356 4118 2186 771 1814 2722 4264 170 1459 3886 4400 1331 949 4022 1337 3646 1985 54 2250 3789 4942 2155 5838 1368 2995 3808 5857 4710 3943 4199 4590 595 4212 2165 4982 3578 3710 
3616 3493 
1137 2269 
4744 4332 4766 
5337 365 118 
390 5869 4270 1591 
1530 1142 877 4722 
5659 2116 3126 
5569 5658 5363 5069 4437 
1985 1778 3646 
10 2427 5796 5109 1837 
993 2716 5958 951 
1363 1236 1053 1438 135 
4769 1931 1772 3791 2355 500 2358 3383 
3192 2866 695 4664 5081 4638 
4835 484 4134 2064 2236 2910 
5131 5905 2547 4088 
4368 5441 2700 2040 5327 
2040 3459 2820 
6088 2273 2960 5377 
5361 1842 5819 
5337 419 365 118 5935 
782 4071 
2235 1436 3870 7 
1440 1914 3554 5371 2845 
2714 3810 2070 390 1450 3005 2710 122 3292 3290 
2913 1066 675 2693 
2009 5202 1179 
5528 797 3149 2079 
1529 1130 5037 6093 
1828 1885 
4577 4010 4059 
2235 1436 3870 5702 
5248 5041 3508 902 
3873 6086 
2776 5346 4202 
4157 3894 2903 
4843 1717 574 1981 
1985 3886 2000 2900 5909 2263 949 
4008 5546 5492 
1992 1242 3524 1751 
3971 2511 
3754 2060 3442 
5905 5131 
2000 5909 2263 
68 3134 
3249 155 5004 
419 5935 
2261 2582 
348 3646 
