8192 6938
8194 8369 12394
16393 13106 9293 12642 16581 10339 9479
8201 2912 14492 11774
14 9393 4666 5031 6924 11055
8213 16233 11261
22 7583 16230
28 11464
37 10210 9289
38 12449 352 9980
40 4359 12083 11810 7321 8231 6534 9428 4227 13280
41 2950 5641 10302 11810
45 11277 14216 9204 3112 9021 11459 9940 7854
55 4911 6116
8251 5945 13804 11911
8252 13882 13573 4664
16447 6261
16443 14428 5804 3316 8752 3945 15111 7883
66 7456
70 14579 7881
74 10485 1554
75 6235
76 13911 1192 4885 4646
8267 10084
8277 7088 11814 2672
8278 820 12542
16476 10470 15902
16477 11867 4040
8288 11463 16136 15680
8289 16435
16482 7967 7074
96 13861 14457 1935
100 11594
107 6138 9252 10499 9373 15986 9118 12656 7007
8301 7779 12887
110 4510
112 14890
16501 15363
119 13480
16505 4449 5438 10929
16506 13615 11301
129 880 2700 5894
8323 12879 15662 16057 8266 8523 8933
133 15573
137 178 8975 14012 8076 12766 4359
139 7505 6934
8337 11720 4078 5030
149 8065 10046 6268
16535 825 276 6335
16536 582
151 13554 12759 12356 6001 6310
16539 7241 13889 13611 2913 14457 2636
16542 1482 14382 4022 14961
172 1983
16556 6380 1130 371 4980 8059
173 11431
175 1794 6693 3633 14878 316 15333 3931 650 9532
16563 1624 3144 8413 1695 16273 8076
16564 5114
8375 9069 15858 4709
190 8417 8621 2293 13665
192 1794 650
193 7762
194 5466 2412 8714 15550 11451
8389 5972 6359 9577 10023
198 15295 11271 7466 7083
16584 622 1136 2661 2101 5420 7548 16017 14124
8395 9588
8397 3006 956
8399 7559 10592
16594 61 11951 11903 13660 16500
8408 15092
8409 1221 4139
8414 16199 6033
8423 9622 1526 11653
230 9355
8424 2387 8076 4995 4798
235 11385
8429 3595 16443 3190
8430 14214
240 11735
244 16517
8444 11731
8445 15047 898 6963 9373 11245 15986 15970 10916 11089 15284 3037 14096 11298 7146
256 15233 9185 12905 5418 2868 15179
262 10210 10212 12430
271 8923 2752
274 6124
292 1409 6638
297 9253
310 7550 3370 12233 13009 15715 11750
311 1343 8022
320 8736 6181 7006 15977 12853 6716
8521 8566
330 964
337 5864
8531 15277 8547 10368 14124
345 8977
8538 2034
347 1772 11018 16150
348 14690 15385 328
350 1970 5647
8554 11534
8555 8936
362 7301
366 8161
8558 15009 14208 6 14916 16422
367 16172 1182 2034 8935 5186
371 16025 5823 3854 10418 2870 11147
373 869 7519 11046 1117 9006 6647 13205 9915
8568 13165 2362 7095 4434
376 13194 2640 9303
8574 15639
8575 7456
386 7464 1271 12069 9634 9940 16146
8582 6996 7617 3478 5594
8584 16391 3010 8060
8589 15951 10718 6235 9870
404 7430
8596 9574 6960 11403 6300
8598 2288 6740
412 11216 8677 7156 2544 12334
417 5793
8616 1263 5882 3072
8617 5025
8618 12549
434 5687 15679
8627 2733 5978 15123
8631 6393 1191
8636 8137 8409 4666
8640 2474 6819
8645 16257 12418 6991
8646 5880 9607 400 3115 8795
8649 2592
458 7820
8655 10191
8674 12418 2234 15001 36
484 14215
485 15458 2776
488 7744
8683 15788 16159 10807
492 9811 14130 11345
494 10036
8692 11146 4758 6512
502 16328 4440 9062 13323
8694 3092
8698 9686
507 6412 5537
8701 2616
8703 10360 9478 16502 883
512 7560 704
8704 3081 619
514 12368
520 8255
8713 10024 9512 12087
8716 7477 8641 12530
527 9687
533 6636 16010 11244 9627
8737 10064 10669
548 764
551 12036 10146
8747 82
556 12772
557 3647
8750 9646
560 12873 11371 7076 6437 11407 12779 16288
8761 12861 9581 744 8893 16075
8765 14579
8771 13658
8772 14290 8849 12693
579 13887 2176 8667 10761 536
584 11249
8777 2752 10878 10190 13108
597 2592 6577
600 11045 5763 5171
606 11307
611 4783 2605
8804 13704
8806 6825 2063 3167
622 16584
627 14843
8824 14138
8829 290
646 277
651 14270 3581
8847 12385
658 3631 2224 237 15977 10604
660 5897 1640 15724 5988 6568 11361
669 15157 4503
8864 762 7106 136 9124 7941 13430 1056 4818
674 11759 12749 803 12187 11758 6706 1554 14331 10080 1341 2613 15251 11523 4723
8867 4649 4927 7743 1781
678 8061
8874 9758 14843
8878 9081
8886 4394 12396
8889 3657 4022
8890 9691
703 13007 1475
704 15428
8898 12117
8901 1343 5967
8904 5295 5563 14046
8908 6651 10521
724 13831 12531 13011 11913 11085
736 15406 4413 15834 7522 14235 4022 6014 11624 7033 1903
742 15130 11994 4915 1483 43 12998 4359
744 12861 3291 10131
746 3046 4876 2130 6592
8946 14013
8947 3851 11790 9623 12695 14198
8948 1361 6020 13101 9279
758 5185 13638
760 7612
761 14103 6890 13025 2351 3959 4115
762 8864
766 193
772 5334
8971 15189
786 15532 4820
788 1799
792 5156 10234 10401
793 792 5156 10401 4793
8987 9450
8988 6950
8989 15787 3862
800 13497
801 7024 10230 9424
8995 11318 7436 15329 7073 15042
8996 9724
810 6735 7408
812 4511 12363 8288
9006 16345
815 11957
829 11309
835 4576
838 12879 14470 13422 8127
839 105 8775 2822 11000
9032 2557
845 12169
852 6484
853 9529 12827 16503
9047 6580 12337
9048 15179 16493 8767 5124 4008 7227
857 7863
858 12852 6881 6453
865 10953 10826 6507 4110 9908
868 15320 15874
872 15291 16047 10294
9069 3051
888 14349
894 11321
9089 3562
9094 536
9095 806 6116
9096 9118 16101 7686 4864 11353
910 10146
9122 15443
9123 15825 6622
9124 14466
935 12794
941 3168 6010
9138 1864 8677 15324
9140 9658 14882 15347
950 12753
9142 9418 10332 8641
952 3722 12612 4333
9145 8481 6112 6702
9149 12917
959 2957 12298
9153 15583
962 3329 4919
9155 11984
9164 14262 10604 16064 4111 1845 5893
9165 1046 641
9168 15964 15203 15936 3823
982 811 203
9175 10538
9176 992 11735
985 8155
988 1404 13589 6261 13209 12072
9182 13775 6806
990 13290 15623 6057
9186 7335
996 7496
997 11463
9208 9852
9212 7414 13904
1020 6042 12183 6437
9216 7722
1029 7530
1035 1031 14290 6017
1043 5295
9236 6972 3294 14514
9235 13731 4525 9216 1343 311 11956
9238 1130
1047 15256
9239 13795 10550
1045 12614
1050 7918
1051 43 3665
9252 14380 5910 13482 2120 151
1060 1407 351
1068 7518 7845
1071 43 6226 16487 15341 14723
9271 3283 11249 1258 1165 9268 2049 5675 12714
9277 11868
1093 3306
9288 4362 12601
1098 5159 16323 12518 50 4510
1104 6116 7341 452 9538 9413 4008 2221
1106 4996 134 11094 15893 6605
1113 15210
1117 869 6118 5170 13205 6647
9313 2625 10614 828 7281
1123 2809
1133 14549 16422
1143 11917
1145 6293 11487
1147 1496 16075 5038 1291 15051
9348 4772 13171 10242 15988 8857
9351 1478 15736 3763 5509
1161 723 737
1163 11437 10353
1166 4063 5128 11127 12282 11002 2237 13761 621 4333 4399 6977 4928 12487 12108 4927
9367 2513
1176 9793 8076
1178 13658
9377 9897
9380 6777
9386 11576 14511
9387 372
9389 15480 14657
1197 6335 3006 5634
9392 7241 1759 11345 9771
1205 447 16095
9400 693 6667 8143
1209 15048 13203 10762
9402 10833 15184 5777
1221 15622 14277
1227 7136
9428 11364
1238 13106
1244 4129 3588
9440 13347
9444 3852
1253 16428 12069 10448 12187
9456 4587 13298 13655
1267 11481 12697
9460 11964 3441
9461 10413 2618
1268 15846 832 15245 8528 10339 13658 2400 12336
1274 8040 8566 4731
1275 14340
1280 11882 3962 3520 13704
1289 14414 7782
9484 4150 8990 9857 5608 1680 5987
1299 2428
1300 13738 12800 9503 13314
1303 11649
9497 6016
1311 10091
9506 15101 7498 8231 16471 452 5968 9481
1318 10039 15014
1323 10191 12773 9604
1326 4005 15882
9520 2935 10475 8065 7225 4022
1333 11899 7965 2987
9529 8347 9079 12789
1338 2355
9532 6074
1341 6415
9534 3728
9545 1439
9549 2334 2305
9550 11216
9551 7440 7969 5276 5686 9550
1362 9764
9567 13871 8972 14482 10549 9031 2278 9093
9571 14831
1380 5312
1383 5777 811 8940 8563 10387 4067 11812
1385 16362 5562
9582 11229 16502 4414 12329 9705 12638
9600 2914 16378
9603 8759 6852 11615 63 14904 2707 14364
1412 8812
1413 2107
9614 15128 10089 10044
9616 16503 10662
9622 2389
9624 15903 5605
9623 1821 8947 10984 3851 12695 11790 15493 12581
9627 629
1446 15065 82 11833 13545 12006
1451 13210
1453 10645 1330
1460 14175
9653 7263
9662 3669 4836 5441 10501 171
1477 13851
1478 9351 9889 3792
9668 1826 8997 8316 8373
9672 4863
1485 16498
1488 9317
1492 6673
9685 10083 12430 10540 6605 467
9694 4371 13461
9695 12968 4063 7510 9252 14641
9696 3626 5805
9701 6287 9089
1511 15686 1862 6998 869 6118 11841 12781
9705 6008 5334 1864 5750
9711 6798 2768 9548 859 15085 7094 11880 3439 4606
1525 577 16301 11389 15315 11300 1190 5678
9719 4395
1530 2949 13861
1551 7807 5460
1552 4557 8309 8616 16026
9747 9805 1339 6822
9749 309
1559 8295
9755 9980 5910 11784 10252 3116 5494 13907 1142
1564 2703 2903 7934
1569 16170
9763 3790 7489 11253 11129 5395
9769 5453
9773 2547 2254 8202
9774 10991
1596 9583 12664 15859 5667 3950
9790 5856 3348 7895 15478 12617
9792 14200
1600 13897 11517
9793 15785
9801 5192 7386 12520
9802 6358 11984 15824 811
9805 9747 10639 2946 6666 5827 2940
1615 8759 3445
1623 7011 9099
9818 7687 1721 5992 2413 7739
9820 12616 4815 6546 5744 5367
1629 11177
1631 13259 5815 9563 12495 15511
1636 2296 5099
9832 3773 12029
1640 3110
9837 4157 79
1648 10622
1653 11929 7374
1654 3195 11990 12835 493
1659 16028 15512 1411 10803
1668 6952 16254 7659 5977 7241 14607
9860 14708 15172 8604 1036
9868 300 15492 5830 3772
9870 644 12614 3012 5709 2387 4021 14179 15324 9727
1686 11001 6967 11744 11995 3706
9880 14700 8300
1691 3125 15184
1695 9207
9888 10862
9891 669 15703 13079 11624 4503
9893 4306
1702 6177 15764 10794 7074 10696
1709 9528 9532
1710 13704 14982 11882 4013
9908 7241 5201 8839 9867 592
9912 7451
1722 9050
1732 13155
1739 13991 13347 15800 3055
9935 10288
9941 15977 14478
9942 13799 3527
9945 380
9946 11749
9948 15298 9771
1763 11538
9959 10798
1769 7492 15035 187 15385 11450 7457
1772 13679
1782 3584 11043 519 6012 5216 596 15730
9977 6794 14858 1059 11966 14857
1788 1202 5667
1789 5575 394 1911 11544 1484
1796 12065 752 4535
1806 14929 5684 7942
1809 12312 14595 13969
1834 9023
10030 4988 13090
10032 1875
1851 8627
10043 14426 1317 5898 13563 13564 15584 12166 11772
10045 12064 13030 14904 1482 8759
10048 4321 3254 15515 9052
1861 6001 9054 552
1862 5961 7227
1863 14374 10745
10076 7532 12949
10086 9224
10088 5634 11104
1899 14636 7532 14692 3855 8714 3257 14219
1900 3363 447 13391 15331 1842
1901 615 8734
1903 6235
1905 4387 3328 1589 11713 2834
10110 7245 2107 13963 9690
10111 10613
10112 14632
10113 2536 2662 2050 15845 11222 8787
10116 12969 5801 6622
1947 9072
1950 10418
1952 11107 7456 8009 7773
10149 5001
10150 6822
1966 12122 10287
10164 9970 16501 9912
10167 287 2119
1977 16442 8961
10174 3962
1986 4915 14051 6226 12502
10180 9202 6933 13031
10185 2013 3605 4849
1994 5351 3294 3648 15655 9104 13520 5699
1995 815 7573
10188 1074 13530 12677
2000 5098
2007 8875 2460 387 7173 6825 12073 10136
2008 4950 7675 13193
2009 11205
10202 9658 14882 3574
10199 2245 9707 9313
10209 2531 520
10212 16555 7905
2021 6267 9634 6618
10215 6784 6716 6881 6007
2025 7183
10224 13936
10226 12316 10743 11760 6974 12721 3998
2036 11779 15024 14112
2038 10911
10232 2950 811 41 4608
10234 9452 165 4654 16109
2045 608 3562 2971 6732
10238 133 12681 10049 989 3279 7330 9224 12601 9917
10251 6336 7126 12701 3600
2063 15513
10260 3257 10125 8864
2070 9582 9551
10266 1794 6693
10268 760 12135
10269 10268
2086 1004
10277 1013
2089 1589 10902
2090 11833
2091 13617 8158
2092 263 13051 7897 87 845 16017
10298 10172 411
2113 11007
10306 9868 15184 11862 2614 3934 12940 10757 2821
10312 9650 11639
10316 1961 14196
10321 2576 6028
2146 5587 5882
10339 3976 277 805 832 10751 11957
10340 10632 10803
2148 11392 833 258 743
10346 4826
2159 16225 15872 5706 8235
10358 12244
10360 16450 9802
10364 2918 13867 8522 3765 13433 11451 7591
2173 2000
10371 11308 2604 14229
2186 6957 13048 7141
10380 4627
2190 3124
10387 2238 14412 4819 16470 10352 16158 16172 932 4260
10389 612 12335
2203 2173 3267 6128 15513
10396 7442 7275 11162
10395 15653 6832
2212 13655 1690
2221 4395
10419 4725 12110
2235 6975
10429 3244
2240 8059
2251 1624 12094 2297 5708
10451 15581 8224 8831 4876
2260 1987 14234 9545
2261 3011
10456 8142 4084 13058 4537
2267 16576
10462 13323 13127 8169 1699 12879 12659 11149
2273 6147
2277 5980 4384 3893 2263 4104 763
2280 621
10475 9443 3055
10484 11623
10486 3435 15327
10487 10220 12322
10491 10444
2299 4620
10499 1325 11569 7151
10503 15934 996 10357 551 15595
2313 7303
2318 13421 8221 12006 11079 1076
10511 14155 7659 324 458 3773 1252
2326 3928
2338 11423
2344 12507 5955
10538 9158 4601 6521
10549 9174
2362 11957 11510 3782 7047 709
10555 6950
10557 3363 10424 10224 15554
2365 5614
2369 4827 4015
2372 615
2375 1377
2379 3833 8221
10574 12076
2385 15592 13871
2387 14543
10584 15409
2391 2396
2399 2083 15667 15316
10592 6982 4739
10600 6781 10792 6335 8777
2412 7779 513
2414 6161
2420 15520 4702 4119 5121 16378
10612 7071
10615 4097 12298 12518 5185
2432 1600
2439 9047 12614 13594
10636 11229 3924 4936
2447 7943 6684 12863 729 10186 16402
10642 13672 5691
2453 13719 1867
10645 5143
2460 14585 2025 3431 2521 6932 10245
2462 16390
10655 15565 9124 6346 766
10660 6336 2022 1901 3192 9635 2213 12569 618 230 5104 15538
2475 16338 15886
10676 7910
10682 6382 3285
10683 14106 9980
10684 5256 2579 9811 4744 3426
10685 12973
2493 13597
2495 9131 8040 8100 4937 13031 12277 9252
2496 8059
2499 11748 11740
2500 10875 1368
10701 993
10703 9268 12434
10708 15762
2520 16268 5132
2524 10336 14114 10134 12919
2526 14871
10720 3403 5279
2531 13396 12111
2535 15308 2926 4118 14543 4628 11188 348 2890 9226 14016 8296 16496 11707
2537 14935
2538 860 10819
10760 15753
2575 5134 4787 2500 9151 7554
2576 9551 8231 12507 2236 7565
2585 13731 12549 3179
10779 4885 3339
10790 16038
10794 15764
2603 6093 10423 101 13847 12513 7954 8271 8559
10796 16498 4144 4068 9073 8800
10801 12814
10803 6047
2612 7688
2614 11467 9483 14529
10807 4115 16203 8179 8852 348
10811 543
2621 10538 2529
10815 15942
10816 14948 8677 10249 965 8059
2629 11215
10825 12067 6950
2633 12817
2644 9277
10839 9774 15880 16010
10843 16496 7185
2652 9426
2655 5091 7583
10849 4003 1493 1941 3747
10856 9904 8274 4289
10857 164 13733 2402 5914
2666 16532
10861 8517 16247 6342 10343 14332 9383 4452 15637 10362 13415
10862 9888 2959 611
10876 13890 13595 12272
2689 13669
10888 7462 14905 4530 13885 14699
10896 1138 12292 5424
2705 13651
2707 12897 6576
10902 3363
2712 3333
2716 12122
2722 14479 942
10915 3611 9055 9676 9009 13419 1555
10921 13616 13779
10923 9685 8744 10209 11097 815
10926 815 10209 13160
10929 3306
10938 1130 7408 8461 10264 12151
2746 9484
10949 6982
10951 11892 4802
10958 15451 14492 5103 3325
2768 4606 3439 859 9711
2769 13298 1038 8786
10969 11833
2779 11608
10974 215 8480 12265 769 1692 9950
10983 15480 973 1353 9870
10986 12614 11881
10987 5996
10993 15880 6701 1264
2801 12413 15480 8602 7308
10997 5283 1325
11001 12796 279 2413 14362 14219 7096 12316
11003 10122 12034
11004 6444
11009 6421 12181 629 10976 4870 10149
11016 8725 1153 9691 8375 14328 5510
2826 11731
2836 6564
11030 13999 9072 2199 5368 13018
2839 15532
2843 2445 6391 4629
11048 5063 14651 3349 13731 11007 8452 4331
11052 5748
2863 14509 8347 13713 3569
11059 740
2887 2424 14376 4240 14201
2888 1187 2278 8993
2889 7755
11083 6117 6317 12828 9091 14678
2902 8106
11107 14627 2296 12087
11126 7440 10695 3752 7565 7998
11129 94 147 2618
11134 15986 1658 13279
11136 2612 12675 11661
2954 15449 16130 4900 6629 8622 15065 15483 2454 14428
11146 15141 2001 1968
2956 8027 13975
2959 1770
2955 3935
2961 6054 11350 8893
2966 9179 3549
11162 1962 10699
11163 10871
2976 16245
11173 648 2102
11174 3647
11177 1692 16492
11176 4101 16245 9682
3000 16543
11196 8893 2787 1875 14843 6732 15551 2042 10678 6508
11205 4927
11208 1920 3087
3019 7591
3026 2272
3033 10418 15693 9123 5159
11230 13198 5027 14079 3851
11240 6246
11241 13303
11242 5159 2185 11187 4497 4569 14464 12952
3051 10418 9602 1366 1482 50 9765 5355 15485 14935
11248 2203
11249 13434
11253 2362 12144
11258 10537
3071 3482 5437
3073 13293
3076 3736
11271 971
11273 10647 11873 15856
3085 10010 15819 12055 4557 3543
3087 1920
3089 14042 6274
11293 14218 15253
3103 9650 6115 15916
11295 6005 7152
3105 15868 2100 1437 14284 12435 3932 6970
11298 1669
3108 4107
11304 11470 1489 6792
11306 8143 10859 6665 11218
3118 13939 9599 14143
11317 11384 2951 4560
3127 15532 7986
11321 13962
3131 3784 8735 14554
3135 11630 3774
11333 2268 3731 15705 11727 12755 6568 5249 13871
11335 6492
3154 2035
11348 7638
11347 8713
11366 853 5529 9520 5467 4819 9065 12666
11367 127 2537 1058 8285 8331 12131 6729
11370 10064 5169 11456 7642 9102 6211 3493
11377 14579 4112 13200
11378 15899
3196 13494 6313 15206
11389 16234 964
3200 9910 14763
3205 12763
11401 7722 7160 4587 13758
3217 12566 7232 15245 9599 16184
11410 4561
3222 376 4289
11425 8847 48 3940 3577 2474 8397
3235 1004
11430 2013
11434 2870 5823
3246 14567 3703 4110 9162 8631 14492
11438 14294
11442 4294
11443 10150 6699
3257 5968 7437 14772 4071 15986 4022 3547 137 6504 8975
3259 14695
3261 8850 2412
11463 12014 7088 6124 8057 2324
3274 7845
11467 3306
3282 5092
3283 1258 11249
3285 6382
3287 9545
3289 10984
3296 7819 13758
11489 11517 5236
3297 9607 3081 9238 9885
11493 4952 6269 910 16424 7928 15251 10020
11495 16498 13566 15723
11509 11165
11510 815
11512 12999
11513 16444 11162 9383 573
11523 16169 232
3332 8360 5251
11524 12207 3399 2678 8910 2764 12206
3335 7863
3336 14105 15233
3339 208 11105
11544 1739 14245 5418 5575 11134
11545 1701
11553 3979 3934 11534 14500 959
3362 12158
3363 14278 16552 10792
3365 15310 2385 4296 15889
3371 3470
11573 13493 8127 16379 140
11582 8570 15179 7598 8186
11584 2362 4434 6494 13711
3402 7076
3404 12025 1368 14905
3405 15990 5360 11003
3416 4569 13059 13658 841
3418 11686
3421 13004 5008 12789
11620 14144
3429 13509 2403
11624 15157 1644
3439 9522 859 2768
3440 15260
3452 14736
3456 12771 7456
11655 566 9687 2601 12941
3467 6158
3476 7939
3478 2752 12461 14329 6693 1828 805
11671 4401 3638
3480 14543
3487 7076 1178
11680 15179 12877
11698 8664 15432 6679 11018
3509 15498 15093
11702 16397 14677
11703 1737 3305 5337
3520 9811
3521 13635 3632 12507 2576 7384 6097 4221 2055 6986 164 15682
11714 2834
11713 2032 4388 12951
11717 14735 1293 4533 11384 12947 3245
11718 3667
11720 14493 7001 11928 16283
3525 12979 2053 11017
11731 14297 9637 14628
11734 1029 10308 998
11735 7592 4385 12054 6702
11740 8159
11743 3091
11747 2528 15738 12694 12614
11748 13320
11772 4380 8135 4545 3315
11775 10637
11778 5060
11781 14672
11785 9332 14776 4497 12694 13988 14957
11794 13134 14472
3604 5007 1182
11804 9967
3615 9426
11809 1596
11810 7116 33 8589
11811 7949 10040 6356
11814 7947
11818 1889 14428
11820 2097 4046 12726 3657 3260
3634 13719
11831 5710 14843 6407 16075
3640 8744 10212 403
3642 13120 3014 4394 14943
3641 4394 3643 14943 274
3656 362 2903 10489 309 14426 10106
3657 5968
3662 2187 8039 1191 16452
3664 11205 9208 1831 16200
3666 11988 14288 12751 13823 8794 4021
11861 13725 13522
3672 4439
11868 9277 2653 2644 4311 13953 3550 9971
3678 7264
3680 1382
3681 11305 9297 14552
11875 8281 14632 7611 13725
3704 11414 4495 13008 13242 7130
11900 6206
11901 10926 2575 10412 2581
11904 8318 6125
11909 8206 641 12572 10602
3717 13001 2836 4174 6018 6113
3719 6676 4523
11927 5295
11931 5739
3741 6902 3493 8624 7933
3744 12780 2472
3745 2976 13117 11341
3747 1941
3749 9426 6693
11944 11745
11946 11624
3760 14948 8665
3763 5509
3764 6235
3774 5185 9550 15714
3777 6066 1788 3845
11976 6553
11985 11442 593 10321 6028 4003
3793 7654 16273 10968
11987 1530 9065 581
3794 15424
3798 14404 5099
3808 3228
12001 15903
3812 3604
3815 3763
3816 6649
12008 12187
3820 6178 9350
12019 4787 2860 15134 3733
12023 9355 3457
12029 6215 13950 7805 10318 8652 2328 9686 1975 3872 9759
3848 16290 6687 8552 16227 11502 945 4684 13758 16159 7264 8036
3851 11790 8947 9623 9956 12695
3854 12297 117 8500 11147
3855 11520
12050 12059 7473 3845
12057 7192
3866 14124
3869 10867 893 16005 5173 11040 4812 13836 12392
12061 2087 7505 1808 11748
3877 10758 13356 13954
3878 1152 5030 5237 5922
12076 5291 10645
12080 11812 14524 10302
12083 5033 7335
3898 3121 7988 11796
12092 12982
3907 758
3914 10282 7372 7568
3922 3706
12125 141 3845 12014
3949 10631 12861 3360 8698 2876 6938
12141 10191 3327 8702
12144 9685 3640 11510
3956 7618 4494 368 14905 14186 7774 11966 12242
3962 8806
3967 4261 11230
12162 1254 13589 9825 5230
3974 8152
12174 12732 3124 3984 13586 9132
3983 2033
12181 8339 1990
12188 4757
4003 10303
12202 15977 769
12204 16387 1034 7457 2427 8972 6147
12213 12739 4160 10501 15903 8706 13434
4021 4798
4022 16552 10115
4026 2211 3566 922
12224 2355
12225 7822 47
12231 10772
4050 4069 11066
4052 2019 15875 8295
4054 10779 8541 13589 1851 8893 14131 8847
12249 7891 2073 4829 1618
4066 16327
12260 9820 14993
4072 488 14702
12268 7767 4885
4078 6630 5063 239 11487
4089 9827
4090 11057 12768
4099 3106 10600 13621
4100 13012 13810 10604 12781 9659
12294 13186 8847 10088
4104 1098
4107 2538 11512 2412
4110 9495 13996
4112 3816 8028
12314 7747
12316 8664
4125 6627 9309 2607 7496 10647 9837
4126 2809
4141 16300
12334 3252 7053 15868
4148 15078 6203
12342 9224 94 8650 13173 11710 15305 14079 8206 10956
12350 7920
4161 9216 4740 591
12359 11344 151 1562
12363 5957
12371 13914 5629 7656 6925 5132 6153
4192 6917
12387 4115
12391 15565
4202 3728
12396 3 12825 2503 10702 12863 2500 5953 7580 3618 8246
12395 7808 14943 11731 11506 12807 8415 8381 5748 10088 1488 3 10528 6595
12401 15867 12781
12409 7231 244
4218 13463 15131 2364 9118 13651 15164 8544
4228 11957 12184 5362
4232 8051 14032
4233 8910 2764
4242 1093 8858
12440 15286 6967
12441 10625
12449 11957
12451 1348
4261 2326 10285 729 16553 13292
4262 5259 12279 12301 4684 3359 13988 15688 8180 5945 9876
4275 2704
12471 9879
4279 3106 5929
4280 7349 1621
4282 8461
12475 10429
4289 8764
12482 16504 11635 2432 9406 7241 7637 15604
12487 8259
4296 6702 6226 15158 11456 1483
4298 1247 3838 10361
4304 15400 6376
12505 1508
4319 8413 6468
4321 5698 1387 5119 12214 6116 4022 10320 5613 6702 15397
4344 1599 11445 13249 7171 1192
12538 4629 15234 12712
12546 8399 1178
12547 13658 3486 7850
12549 11110 5441 9701
4358 2785 10414 10792 8573
4359 10850
4371 2674 92 2687 11948 9624 12715 13679
12565 13193
12568 11029
12571 1074 7769 5295 12570 9188 10774 942 2213
4378 8751 12090 14030 5204 576
12575 5374 11612
12576 14961 15824 6889
12577 90 14143 6575
4385 8420 14182 16471 4046
4387 1589
12582 16318 10398
4406 5845 15206
12603 10793 14824 12947 14341 3718 10257 7101 7276
4423 5897 3275
4424 10089 5957 14948 1775 2368
4433 12599 1690 2391 520 7079 11128 13146 3742 8787
4434 4433 12430 1690 3640
4435 4573 3082
4443 15123 6722
12636 4354 12598
4447 6445 10493
12644 16434 5580 7464
12654 15601 11961
4467 6226
12661 14023
12662 16581 15075 7041
12663 8039
4473 15195 9215 3109 15922 9537 8705 4355 11963 1554 15933 6660 743
4477 13470 4107 3108
12671 9584 13361
4488 1438 15325
4495 3704 13242 740 12531 4230 2326 6163 2392 15180 9119 10667
4496 14169
4499 15249 14399
4503 8302 12933 14899 12362 9870 886 6636
12695 3851
12709 16087 12497 14790 6823 12964 5879 4996
12712 15970 8554 8728
4527 1127
12731 12936 10907
12736 9588 1156 945
4555 12779
12750 7408
12751 12412 3039 3011 12855 2738
4562 8874 4971 12925 133 8047 14294 16342 10628 976 372 10300 8331 10063
4563 495 12051 567
4574 15939
12771 7044 5223
4581 14126 8248 11902
4584 6014
12779 10627 4933
4595 4184 8800 9044 3255 7620 14831 5295 8666
12791 8673
4601 14867
4602 15210 12406 7771 7151 12127
4606 164
4611 3875 7453
4612 1182 7260 16172 2224 14721 14376
4614 348
12811 14051 7960 2109 6783 5420 11171 12169 11098 5169 8618
4620 11722 12432 14450
4623 5576 10050
12816 11584 12144 5926 10209 596 6557 15968 2119
12815 4218 5436
4634 3377 10065 12046
4646 11188 10656 965 7462 3782 4227
4652 4022 13683
12849 8717 14885 11104
4659 3004
4665 2078 3168 3623 4679 7272 15440
4670 2352 8399 11504
4679 14864 6496 4008
12873 8774 16073 3193 2913 1540 12498 3852 6698 1404 16500 6168
4684 2834
12878 15903 10
12880 15283 13135
4692 9488 15849
4703 7112
12905 5491
12913 2907 10989
4723 6817
4725 4045 15479 11709 14721 9534
12920 2614 10135 4402 8065
4731 13362 5420 6037
4740 3726
4742 13141 4992 9580 4100 13434 14067 14020
12935 12920
4743 10829
12936 10839 6973
4755 11907 1714 6806
12949 4142 14090
12950 3046 5546
12951 1024 7951 5817 16213 7758 5114
4762 2502
12971 5185 5748 12442
12982 5474 4080 1713
4790 4085 16213 13336 13033 1348 13638
12987 802 14516 3655 2408 5599 14724 2944
12994 9320
12997 6128 10094 13975
4805 773 2090 4239
13001 1854 9152 12987
4818 7638
4819 6676
13032 8461 10580
4840 2421 6522 10783
13034 1309 8852 14061 4681 7216 8643 10497
13042 8948 5874 15759 3022
13043 1280
4863 6534
4874 11732
4885 13310 7498
4891 92
4890 13431 3958 7528
4893 9370 6437 4556 560
4896 1887 35 6110 1733 5529
4897 12310 7382 2484 10602 15793 3181 7000 12114 14768
4898 7469 4777
13091 1589 615
4911 8461
13111 3440 16055 4245 3054 14374 14100 138 13707 16224 2538 3298 1000 6926 3197 14972 433 7456
13112 11143 674 13916 12643
13118 7372 10397 8796 15486 2748 9613 57
4928 5128 497 13237 15973 15512 292
13122 6566 5601
13132 4671
13134 14472
13135 16088 9962 5316 10829
13139 15813 5143 2568 10080 6728
13140 7946 14450
13141 10320 11602
13147 2856 10991 4994 10063 7714
13148 15179 12243 14033 16059 3260 11691
4957 10528 15192 14282
13169 2240
13172 3294 9379
13179 1007 6902
4987 9476 8756
13184 6434
13193 7675
13197 3054
13203 14111 6612 4725
13205 11046 1117 8022
5015 2605 9391
13209 10521 15454 988
13216 2498 11950 7226 10115 9416 12690
5025 14602 6648 8617 3381
5024 14022
13225 8886 7089 7088 16136 12395 12476 14943
5042 6557 13077
5062 4331 8618
13259 1631 15511 5815 15402 14198 3217
13262 3678
13263 10967
13264 1251
5073 1992
5074 3924
13270 6882
13275 978 2788 6204 10956 10971
13282 3031
5094 43
5098 14998
5117 13495 6034
13314 11294
5127 3962
5130 9451 13752 8962 7546 3303
5131 9527 8554 15348
13332 1276 8268
5143 15813
13340 6575
5152 4233 3013
13348 11049
13353 9709
13356 3877 6264
5169 6419 12715
5170 3160 5268 1117 11281
13376 7456 5614
5185 9031 15867 10695 8587
5186 680 14170
5188 12012 13461
5190 5464 3149
5191 10637
5192 10235 7930 9940
5196 5279
13393 7628 968 6240 4536 723 2974
5204 5258
13409 14579 3798
13415 11450 9483 12589
13417 5790
13418 6230
5228 7771 10311 12897
13427 1275 15824 1392 16342 15247 10745 6182 637 15984
13430 5236 7236 15308
13454 14203 3942 9754 8780 3542
13455 13454 8054 9754 9628 852 8780 3542 7329 10340 15867 271 2301 5185
5268 12643 13354 4289 6673 2640
13461 419 3868 81
5271 6066
5276 992 16323
5277 11355 14989 3907 3821
5278 2259 11991
5280 14631 6555 5744 1133
13474 5147
13500 1145 14524
5310 12918 2519 15809
5315 4415 8882 89 13217 9056 964 7983 1372
5317 13716 1221
13510 7275
5319 16376 10326 4446 5817
5322 11257 6199 12342 10623 3441
13516 1554 6575
13517 4936
5328 11362
13525 16241 2570
13528 12150
5337 6065 15653
5339 10285 5090 8271
13535 11287
5345 16025 763 11392
5354 14507 3727
5359 10669 6224
13551 4227 8975 8828 16095 4213
5365 11991 5277
13559 10742 5960 11045 15473 14444 6242
13561 4671 523
5374 9692
5389 11980 4553
13582 12213 12115 6622
13583 871
13584 2836
13586 4395 5031 13052 13433 16073
5396 12396
5397 12097 11139 15096
13595 12445
13598 11232 3390 8630
5415 4315 9390 9552
13608 221 4367 9371
13611 11456 11591
5426 16126 13194
5433 3416
13629 12327 2200
13632 1799
13638 16502 5279
5449 2142 10976
5454 12779 8864
13647 6950 4339 9603 10148
13649 7494 7000
13650 12521 7722 12734
5464 13082 12215 2968 8892 10934 16060 4775 11867 3110 65 10215
13666 10909
5497 6222 9135 3237 12660
5502 2107 3145 9235
5509 9889 8493
5513 5025 3880 13679 6630 3381
13707 4326 3934 13714 4468
13708 4759
13709 4429
13714 9566 4413
13717 5814
5525 12926 9417 13499
13725 10792 7523 13132
5537 6412 3455
5539 8391
13733 9274
5541 11496
5543 4160 3475 8235
5540 3535 1499 3171 11137 12379 151 16107 15080
5556 6604
13752 9451 5130
13758 12312 6562 13969 14688 4040 13031 3350 2401 12798
5584 4305 10678 14740 6973 2386
13791 1397
5601 2264
13796 11980 12738 7889 6034 7967 2305
5604 15357 3031 4735
13799 9942
13803 10026 12043 10552 6776 9298
13808 6741 7576
5629 4388 7722
5637 6270
13830 7448
13832 8143
5644 4963
5645 16328
5646 13423 15589
13851 2111 8557 8828 15501 10154
5660 1167
13852 7968 8135 14630 231 2618 12703
13860 1231
13862 14909
13874 5535 6844 12707 2406 5428 14275 14296
5689 11332 6065 6298 5098 1335 2364 16269 995 5893 2703 16066 2861
5692 4476 8267
5698 3968
13902 13151
5718 6261 5616
5720 14567
13913 14623 7222 4684 9743 10382
5726 6452 4799 15434 15499 4881 2491
13921 9168
13922 5443 12466
5731 14948 3418 10253
13934 8302
5745 6784 3983 11803 14541 12288
13939 1785 4429 9599 15438
5750 13031 9483
13942 740 10793
5752 6324
5753 8902
13946 9811 282 14424
5754 9145 8847 9416 163
5777 8302
13972 7130
13975 8143 12794
13976 14466 8137 8636 1714 3483 7941 992
5786 5190
13978 11606 7950 9854 12429 7091
5790 11731 2526
5792 8680 10989 5342 6341 11615 2907 2696
5793 417 3119 13325 3136 12519
5805 16025 4490
13999 15670
14000 3509 6270
14004 14231 11655 1670 5646
5815 1631 13259
5816 2636
5818 15574 2366
5820 12562
5823 5012 5628 615 1156
14016 3286 524 11220
14017 9599
5840 5109
14033 4264
5844 15719 15998 12213 14755 13352
14038 14039
5850 3962 10174
14042 12117 2667 5159 10909
14046 3231 14362
5877 9931
14070 10346 4826 3748 10021
14071 4556
5889 12668 12138
14084 7163 8673 6146 11018 5472
14085 10845 13282 1875
14087 2299
5897 226 2912
14089 5537 14062 16337
14095 14754 4561
14101 4344
14102 14930 5741 14392 11067 5722 2472 5516
5912 11208
14105 12210 6453 3336 2277
5923 287 3084
5926 3626 9708
5927 4440 3326 2719 3421 4220 11553 1056 1144
14125 4147
14130 6201 3294
5939 9863
14138 11448 14439
14139 10266 14878 3749 3931
5959 11125 1993
14156 11040 9634
14169 9076
14172 5987
14176 2317 15308 4791 2672
14177 845
5993 4977
14185 15393 6147 1018 4850
14193 9606 10492 16442 1550 6527 6359 16286 2524 3626
6010 10028
14204 12932
14208 1728 8964 15589 12657 118
6018 2836 10561
6028 9207
14227 13975 4743 14313 1102 3946 8344
6036 7388 8061 8937
6043 14084
14238 1196 8076 7122
6046 7317
14237 12087
14243 15822
14254 1455
6063 3000 7867 15978
6065 15653
14265 5423 10750
14267 14200 9792
14269 16316 9443 12321 12073
6078 15189 9135 10984 13998 14023 3575 15331
14275 6557 1998 3204
14278 10427 4021 8563
14284 3110 5046
14285 3683
6093 10423
6095 15130 7750 12747 168 356 16342 6001 7835
14298 12316 6534 137 11080 5169 6232 13113 2682 15975 9065
6113 11286 407
14310 4567 2647
14312 16521 14843
14313 12794 2956 6128 1151
14314 7580
6124 6227 5237 16269 1703 12142 12614 7156 16169 11541 14407
6128 7722 7656
14332 13472
6142 2578
14338 10667 1115 3139
6147 11534 8630
6149 1783 9200 615 9238
14344 11057 5484 15465 8690 2692
14346 8680 5043 4800 14831 6723 12254 7024
14349 15319 13724 2792 14556
6160 8508 7476 4791 14463 6107 3252
6161 965
14353 8739 11911
6166 9335
14367 5684 13774
6177 11630
6190 11333 11727 3803 2905 7165 7420 981 9127 2082 11978 14895 9568
6203 15806 3347 968 4711 15432
6204 9917 4173 3190 5493
6207 9963 8455 7456 8011 12650 12589 6011
6211 11370 14016
14403 14349 10770 9574 2267
14408 2036 5865
14409 2036
6222 15458
6227 10594 7257
6234 15123
6240 6906
14446 10357
14449 2015
6267 2143 14247 12818
14470 615 12680 13758 15451 7095 2702 5103
6298 2671 1004 11052
14491 1185
6304 606 13774 11245 7867 4199 9910 14878 985 11699 4409 15788 2375 15697 12449 5443 5252
6306 9811
6308 1438 4956
14506 6386 15203 14503 9722 9168
14507 12971
6319 2590 5117 14736
6330 5048 11963 8028 6740
6336 10251
6337 8031
14533 15880
6341 9419 3013
6358 5832 11843 254
14552 2006
14554 7580
14557 12340 6569 4173 981 1337 301 14775 14139 14889 8860
14560 10093
14561 9811
6372 12622
14581 9928
14586 12857 6840 2597
14587 9975
6396 9820 4218
14593 16446 13847
6407 15020
14602 3880
14616 1719 14519
6441 14657 4798 9802 1476 2902
14644 11229
14646 12355
6457 16131
14651 5063 4242
6467 15880 7581 4827 14433 7160 8737
14659 11640
6471 8178
6472 2109 13015
14676 6504 12530
6489 10704 9566 3125 7466 13976 1691 11981
14681 13534
6490 1178
14690 1109 4701 248 4577 9479 11274 14423
6504 14676 812
6505 15440 9361 6490
6508 16466
14704 10968 2890 5374
6522 14763
14715 5951 11082 5591
6530 12097 15929 13746 12301
14728 9467 9628 8730 16352 211 2048
14730 7084
14738 4567 16458 401 2480
14753 10988 16319 6208
14755 2174 1943
14759 892
14772 55 14524 3272 14236 6939 1153 6557 43 11809 5735 13440 8114
14773 6749
14776 16501 6825 5696 7745 7466 15363 13306
14784 5698
6595 13916 10002 7016
14791 6755 4207 6787 2673 13907 2974 10198 4497 8861 92 3713 2841
14796 8312 1114
6617 9298 12366 4875 16198
6622 8865 2450
14817 12603
14820 7722 7581 12190 11838
14821 13242
14824 811 8412 3075 1596 10793 13080 7779
14827 568
14828 11144 4187 7149 10959
14830 14086 6652 9568
14842 1079 4117 625 14378 764
14843 13182 1326 5252
14845 6822
14847 2529
6658 5742
14852 271 6561
6666 5631 105
14860 6572
6669 7281 1738 5722 10727
6671 1700 985 12066 13046
14867 10538
14871 7044 11969
6682 5897 8952
6693 650 14139 316 2098
6695 4713
14890 3227 6740
6712 11520 11129 634 13683
14908 235
6721 12255 723
6727 203 15718 14841
6730 7722
14925 10984
6735 11814
6741 10844
14934 5955
14935 1362
6745 821 635 10896
6749 16536
14944 3110 10834 8298
14945 4082
6752 3271 10538 10181 11746
6757 7402
14949 5684 2398 11997 15525 15342 15654
14956 2076 14042
6765 2612
6776 9606
14972 8787 2103
14973 8027 12794
14976 1966 9509 11703 12996 6896
6786 1182 4739 499
14983 15522 6847 8137 13426
14989 12487 14938 11654 14508 667 15900
6802 15379 190 2205
6808 6477 10361
15003 4165
6819 14908 6209
6822 8416 4306
6823 4623 5879
6824 6825 1851 9247
6825 13306
6826 16501 9293
15017 13816
6829 3394
6831 7796 4812
6856 15718 9
6857 2187 6069 1611 12104 10191 1541 3940 6188
15051 2732 5036 1291 3868 5037 13050 7252 2320
6861 3315 12681 5103 2336 5982
15064 9802
15066 14876 11997
15067 1178 12739
6876 15583
15078 9577 15667 10049 11799 656 7289
6886 7183 3783 9564 6654
15077 2432
15081 9689 12033 7401
15084 12732
15103 9695 12065 9308 8856 3503
15106 8004 1941 8505
6917 4726 15474
15123 2827 3071 15161 14177
6934 3593
15130 2946 13104 10093
6940 8548 1595 4325 9340 3976
15136 15180 16170 10791 16514 16269
15148 2544 12786
6959 6141
15158 16177 7025
6974 7801
6975 16438 12312 15860
15169 13707 2447
15173 10155
15179 9356
15186 7246 244 6076 10034 4184
15189 10816 8530 12303
6998 13737
15191 3390
7016 9467 5915 14272 6856 1177 13497 8475
7019 15586 12292 15659
7031 6394 9442
15224 15092
15226 12907
15227 13749 5472 7163 12282 6298 7090 13386 91 6024 13432 13324
15229 12213
15233 12905
15234 972 12510
7052 12036 607
15253 8464 4920
7070 2812
15263 3037 8343
7081 10093 2788
15278 2362 11510 1690 2234
7088 14087 274
7089 2792 3569 3957 13607
7090 5275
7095 8744 11510 1995
15294 5256
15295 15020 16010 9676 9796 1057 3169
7105 6490
7116 13332 8828
15310 12813 12538 8830 8735
15315 16301 11389
7124 2526 15581 4415 6592
7125 4142 2500 14554 2646 5186 9633 15252
15317 13433
15325 2413 1560 3550 16172
15328 838 11624
15337 2334
15342 11997 15525 11972 14949
7152 10991 14294 3822
15347 3793
15357 119
7178 1972 8900 1317
15373 14302 9887 6035
15375 8748
7185 8051
15379 11320 5143 2569 4941
7201 2019 15593 8421
15406 7106 16164 11033
7216 12457 105 10415 13059
15410 7596 11568
7222 2000
7230 14023
7235 1837 11630
7243 4885 9323
7245 10110 5282 10363 840 9690
15438 7016 6595 16093 9774 13650 9243
7247 7182
15441 15324
15440 7756
15458 139
15462 3164 3818 4251
15463 15120
7301 10485
7303 3863 13877 5062 3548
7309 4679 7272 2524
15502 14789 11029 13039
7329 13455 11827
15529 4603 12260
7341 8975 8536 2720 11630
7343 14858 5179 7100 2954
15536 1701
7344 11717 3970 215 11503 2966
15540 13348
15543 16423
15557 10700
15559 2749
15560 11535
7370 9702 1151
7371 2363 12232
15572 11378
7383 15665
7386 2743
7387 11261
15580 6331 4216 16048 14344 6529
7398 8606 6693
15601 7235
15608 8707
7419 11596
7425 10605
15622 1221 8409
15623 12534 15942 8977 7753 16342 4980 909 4497 15227
15625 15179
7440 2273 11104
15649 6916 1987
15652 466 7455
15662 14626 1860 7819 2681
7470 12392 893
7477 14759 11119 14561 6702
15684 13931 11633 8977
7496 7588 12060 1557 7357
15701 8136 8169
15703 13079 9891 4503 10520
7519 10787 869
15724 4946 12495
15732 1557
15734 4877
7543 510 2772 3855
15736 1478 9889
7550 8590 15715 1339
7552 523 6655 11311 8522 10637
15757 3972 2271
7567 526 14083 3079
15763 10669 2888 10191 11271
15764 10794 13665
7573 12816
7577 13956 13172 2605 5215 8773 13891 15113 6831
15770 7412
7580 9431 12083 1808 9376 2503
7581 13589
7592 1624 8076 293 4642
15789 3785 2387
7620 12879
15813 946 12076 1699 10539 10337 6685 6695 13748 16292 5316 81
15815 16321 13129 12947
7626 7301
7637 8972
7638 1220 3632 11348 6098 15251
15832 10967
7645 3624 5077 8335
15847 2999
7656 16047
15850 15243
15851 14298
7661 3889 14094 7394
15858 3328
15859 12768
7675 8007 4512
15871 5748 3 274
7680 11688 4712
15882 16047 10405 13595 13698
7691 10133 15526 6469 5333
7693 10637
7697 16074
15892 258 11761 15926 16446
15895 472 3424
7704 10984 13391
15899 14268 6434
7709 2827 9268
15902 9852
7716 5190 1129 2806
15910 5634
15915 13233 4645
7727 10399 4569
15920 5285 14428
15921 5746 232 8178 8114 11686
15926 3541
7747 15645 12473
15950 15483
7759 7386 11901 7771 8434 6825 8875
15954 12087 5915 1076
15959 4429 15821
7773 4403
7787 128
15984 11261
7792 13658
7793 11517
15989 15008
7799 14460
15996 11083
15998 13745 1668
7814 1607
16010 7153
7822 11732 12110 14721
16016 7663
7831 12920
16024 7967
16034 3867 3160 16264
7843 10538
7845 2888
16037 7947
7849 155 15358 3674
16043 11492
16045 9132 15084 13586
7860 8038 10689 9566 4333
7863 3335 857 8006 13796 15766 11523 4665
7864 14239 14443
7865 28
7866 1494 12556 7834 9492
7870 4000 8737 14453 4885 110 10852 14152 13594 5265
7877 14554
7878 3601 14332
16079 1373
16083 11808 5368 2615
16089 3107 11201 9351 5509 3763 9889 15736 8493 11889 3792 3815 1478 1823 15972
16091 2229 3071 2109 3482
16093 14208 3315
16098 8645 4361 16369
7917 1830 10569
7925 14618
16118 11124 13494
16136 2792
16143 13753 14 2500 9566
7954 938 10668 11933 2603 1981 12719 10667 5552 10995 7439 11038 12802 1182 11096
16154 10011
7963 14867
16157 1951 1130 14239 5749
16158 16529 15934 11053 448
16163 10268
7972 10999 8199 15463
7984 9643 12633
7987 8339
16184 11779 10028
16187 11510 16240 6081
7996 7241 12759 13946
8003 10268 2033
16200 9811
8011 894 7456 12531 10614 13150
8016 15463 200 12267
16210 9413
16212 758
16215 1906 14995 9494
8027 4791 14227 2173 8344 12997
8029 8882 10568 4583
16225 1492 2640
16231 2193
16232 1825
16234 14115
8040 8322 11861 10274
8050 4936 4138 7644 14955 2171 7610 2557
8052 7338
16245 7779 3478 12860 11121 3214 6336
8059 10999
16252 14398
8069 4408 11164 15837 8995 697
16263 6557 8180 5985 3834
8083 2281 12802 498 11831 14843 10319
16278 12239
16285 15994 1781 2305
8095 10794 9662 2713
16286 8028
8101 11679 6074
16294 4179 4007 9882 2772
16298 13442 7215
8110 15419 7414 10040
8115 15843 8616 15053 7947 1775 11911 14489 13122 15309 12615 11144
16310 3314 5957 11748 3187 131
8128 12486
8136 9051
8141 5688 9995 11374
16339 16459 9416
16341 5719 11846 10425 10740
16342 2394 4092
8150 11341 11395
8152 2189
16346 1368 3874 10028
16350 14336 1345 13887
16352 13536 4542
8163 15172 1036 10852
16355 8153 7005 8632
8164 5420 8584 10760 2861 9090
8169 13131 13089 8492 3057
16371 7743
16372 4964
8184 5919 16222 8393 2967